1.2387529554883463e-06
1.2387529554883463e-06
2.400473104858067e-06
2.400473104858067e-06
3.2692087809637783e-06
3.2692087809637783e-06
3.6503669302763508e-06
3.6503669302763508e-06
3.3980227493660857e-06
3.3980227493660857e-06
2.438342971134386e-06
2.438342971134386e-06
7.861429169894548e-07
7.861429169894548e-07
-1.4478323280300374e-06
-1.4478323280300374e-06
-4.060447080676922e-06
-4.060447080676922e-06
-6.770992233580082e-06
-6.770992233580082e-06
-9.246529974214409e-06
-9.246529974214409e-06
-1.1135804744798503e-05
-1.1135804744798503e-05
-1.210867167855969e-05
-1.210867167855969e-05
-1.1897150987106378e-05
-1.1897150987106378e-05
-1.0333722821186429e-05
-1.0333722821186429e-05
-7.3824074172476715e-06
-7.3824074172476715e-06
-1.9198143690620157e-06
-1.9198143690620157e-06
4.466257592357988e-06
4.466257592357988e-06
1.114234656567993e-05
1.114234656567993e-05
1.737887950628857e-05
1.737887950628857e-05
2.242107225191511e-05
2.242107225191511e-05
2.556846073321314e-05
2.556846073321314e-05
2.62554688411102e-05
2.62554688411102e-05
2.4124754371411493e-05
2.4124754371411493e-05
1.9085190438185604e-05
1.9085190438185604e-05
1.1347276082815971e-05
1.1347276082815971e-05
1.4304898298719962e-06
1.4304898298719962e-06
-9.860511213577594e-06
-9.860511213577594e-06
-2.14910733609361e-05
-2.14910733609361e-05
-3.228022906358103e-05
-3.228022906358103e-05
-4.1006941367982054e-05
-4.1006941367982054e-05
-4.653026030159851e-05
-4.653026030159851e-05
-4.915141776648075e-05
-4.667391185550406e-05
-4.693514055470053e-05
-4.2134194344984394e-05
-3.945783092311465e-05
-3.291941336118709e-05
-2.6791056669789793e-05
-1.949032280923709e-05
-9.550094063694737e-06
-2.7540485649625663e-06
1.1107860342387932e-05
1.5984546284656706e-05
3.354052437980301e-05
3.511281021378193e-05
5.573209373612278e-05
5.283642908006271e-05
7.5453784532207e-05
6.733289037085316e-05
9.046226689590616e-05
7.692028242874601e-05
9.872017776426298e-05
8.022711781583416e-05
9.861929482083045e-05
7.634768533123346e-05
8.91848999336881e-05
6.496755657656872e-05
7.023968233055226e-05
4.64453803563395e-05
4.250740044882771e-05
2.1839954806454846e-05
7.640430062215083e-06
-7.124384772280258e-06
-3.060016982677126e-05
-3.6917304475871984e-05
-7.028578358127088e-05
-6.615421460627103e-05
-0.0001078976445135375
-9.215136894410519e-05
-0.00013970747923003888
-0.00011225045407801446
-0.00016210137554422576
-0.00012405527653912776
-0.00017192861791854731
-0.0001256683823943898
-0.00016684598675772305
-0.00011590733490948162
-0.0001456254630275663
-9.448028962868326e-05
-0.00010839339643037131
-6.210212139264627e-05
-5.677221589747118e-05
-2.053567926467907e-05
6.098323664589543e-06
2.745236327276235e-05
7.567482405054435e-05
7.822541111298616e-05
0.00014626268297605424
0.00012749787961130143
0.00021139913909047143
0.00017063298293752214
0.0002643463971737239
0.00020299996008013268
0.0002986625935618126
0.00022036688779311091
0.0003075696439906791
0.00022053895492877169
0.00028833937851304413
0.0001999394208480755
0.0002391653212172531
0.00015758021892544658
0.00016064842815702256
9.42107573865239e-05
5.601126584813848e-05
1.2457069713115307e-05
-6.888674955172202e-05
-8.31778925065661e-05
-0.00020575323171585487
-0.00018646626313653252
-0.00034428946567676344
-0.0002897617809155211
-0.0004728251896418768
-0.0003844506839378956
-0.0005791282873614324
-0.0004615242591367326
-0.000651338736462249
-0.0005122385404387537
-0.000678961464982476
-0.0005288166813824509
-0.000653842250591704
-0.0005051423340738137
-0.0005710456654177226
-0.00043738874855209437
-0.0004295551834506484
-0.00032452883674414753
-0.00023272333729713917
-0.000168676401072998
1.28246234766289e-05
2.6020703586792338e-05
0.0002936003572668682
0.00024969188571929486
0.0005934677134240882
0.0004907500778276843
0.0008934678720280406
0.00073540463464251
0.0011730487370208676
0.0009684923800776354
0.0014115170126260254
0.0011744713907920897
0.0015896140588006864
0.0013385124204024006
0.0016910990338421163
0.0014476107698235075
0.0017042133316115772
0.0014916345831223032
0.0016229002713733923
0.0014642248846193345
0.0014476640984603614
0.0013634686289823905
0.0011859725338874557
0.0011922785725134027
0.0008521364844067153
0.000958432327111428
0.0004666374034416156
0.0006742464524510315
5.4914768222533394e-05
0.00035588834167629767
-0.0003543297790717044
2.2357060290376146e-05
-0.0007299735034833475
-0.0003045691796469443
-0.0010445922347606918
-0.0006056058677266834
-0.0012732115589449867
-0.0008618719030596168
-0.001396683901485801
-0.0010574998831877759
-0.0014036612947273023
-0.0011809868438565723
-0.0012920912958285958
-0.0012262781449500608
-0.0010700813055415407
-0.0011934844792502995
-0.0007560147031356899
-0.001089154336292063
-0.0003778523113421537
-0.0009260540365673173
2.8388322572703805e-05
-0.0007224428244795428
0.0004209194627294076
-0.0005008690887216998
0.0007551150052209236
-0.00028655278668032833
0.0009869075697017623
-0.00010545559779345836
0.0010764210038184162
1.7828759679024175e-05
0.0009915727874494121
6.220898614972564e-05
0.0007113631330970048
1.2088306423423343e-05
0.0002273317523837411
-0.0001397140296299769
-0.00045080239586450896
-0.00039453656043492776
-0.0012980072454177416
-0.0007435930212171744
-0.0022732724659814707
-0.0011691042401465
-0.0033213132809593753
-0.0016450490706799346
-0.004375502793867567
-0.002138633398686078
-0.0053619021719774835
-0.0026124128093121665
-0.006204164357511628
-0.0030269483581071236
-0.006829003591799403
-0.003343823975367358
-0.007171857000569012
-0.0035288126209108875
-0.007182322029953797
-0.003554950260146081
-0.0068289395280573695
-0.0034052651781917532
-0.006102909820334642
-0.003074917195251813
-0.005020379161797816
-0.002572527856603412
-0.0036230150346289896
-0.0019205281128831147
-0.0019766970510293447
-0.0011544123980063098
-0.00016704082978102525
-0.00032210271799928817
0.001701875926642843
0.0005227983134248639
0.0035178208262674118
0.0013212478982394186
0.005167184754457665
0.002014454433017643
0.006543566331114848
0.0025488826292572853
0.007556458345494528
0.00288132380336776
0.008139383257139855
0.002983637967394616
0.008256814111242638
0.0028467617544927653
0.007909254583432182
0.0024835923881615213
0.007135938118528423
0.0019304040616865122
0.006014738556360447
0.0012465284130858344
0.004659057031267778
0.0005121323244414788
0.00321165278544372
-0.0001759509517439166
0.001835606522101715
-0.000710244180600269
0.0007028295895388698
-0.0009802657066140539
-1.9255056153180627e-05
-0.00088141003255351
-0.00018081065176267378
-0.0003233279147364807
0.00033221858706793903
0.0007565296585442052
0.0015883339889566739
0.0023873616750228685
0.003598008551111115
0.004555992161922563
0.006305358529205937
0.007200908355649401
0.009583733263121017
0.010208893257825025
0.01323590823215404
0.013414784970005275
0.016999311302584075
0.01660474653645043
0.020556409527766325
0.01952324430911425
0.02355005096489109
0.021883719135599607
0.02560321317107218
0.023382704383429462
0.02634227962272092
0.023716911153516956
0.02542267004979257
0.02260257824048611
0.02255541235482913
0.0197961868992633
0.0175330816143427
0.015115482002560372
0.010253460874702816
0.008459633845397437
0.0007380703189487706
-0.00017143289679224925
-0.010849643208598915
-0.01066600526579003
-0.02420017665889398
-0.02278646392038172
-0.03885663067623062
-0.036165202021887756
-0.05422250088460564
-0.050305460010417996
-0.06957753388720449
-0.06458862652521527
-0.08410120105330138
-0.07828813141468316
-0.09690286033018605
-0.0905897140980204
-0.1070572287547843
-0.10061750137298217
-0.11364340668325211
-0.10746499262573525
-0.11578540680515842
-0.11022974683900613
-0.11269196975014792
-0.10805031323326382
-0.10369340995715606
-0.10014376196382695
-0.08827333892851413
-0.08584206588165195
-0.06609335760632963
-0.0646255676235733
-0.03700918566911347
-0.03615184209637312
-0.0010784230003167599
-0.000277192699565471
0.04144679671173648
0.042924219088705216
0.09012962392547004
0.09315703673877314
0.14437216814556988
0.14990554791652444
0.2034457864301624
0.21244468282926926
0.26652715140370464
0.27985977066291107
0.33273772834023624
0.35107433178883707
0.40118400360583467
0.42488478676581637
0.47099568777904927
0.5000006193610657
0.5413591819349954
0.5750882588479673
0.6115438493248122
0.6488167618030868
0.6809190692152135
0.7199032858244642
0.7489606448565956
0.7871563619059619
0.8152458616875211
0.849515087780057
0.8794373030960264
0.9060825748464751
0.9412563795714359
0.9561522744931437
1.0004471192912647
0.9992274079963848
1.056736693044948
1.0350242791608628
1.1097954727323904
1.0634838783401153
1.1591877586062624
1.0847551828790893
1.2043358590282458
1.0991813229368
1.244490363181519
1.1072764219419793
1.278712508970621
1.1096967752320794
1.3058716649274018
1.1072079098485965
1.3246601605091346
1.1006492017732847
1.333626707323504
1.0908977681613266
1.3312285047356318
1.0788333023319523
1.3159008799324587
1.0653053846206837
1.2861420472237255
1.0511045936047745
1.2406093619667933
1.0369384745287045
1.1782223697305405
1.023413112718514
1.0982670859715895
1.011020728833854
1.0004965904641603
1.000134618624837
0.8852129084576786
0.9910025930170859
0.7533484534311204
0.9837629924013586
0.6065043563723689
0.9784456821415839
0.4469712217241341
0.9749876188675021
0.2777153325358076
0.973248745774404
0.10233038292620548
0.9730294880024757
-0.07504579968644984
0.974088799479269
-0.2498482151226861
0.9761617925568049
-0.41723210092988366
0.978976110255618
-0.5722457200742184
0.9822663658318954
-0.7100217854087555
0.9857861620804398
-0.8259793867584836
0.9893173991483275
-0.9160272571776062
0.9926767710501254
-0.9767586237326521
0.9957195253771967
-1.0056277869649604
0.9983407079362111
-1.0010977496740976
1.0004729883403298
-0.96275431398006
1.0020854054945272
-0.8913791792663565
1.0031831063810988
-0.7889643019889384
1.0037960374235806
-0.6586832814193765
1.0039758336228228
-0.5048081319569003
1.003790267752171
-0.3325756824829544
1.0033178899529251
-0.14800802286837886
1.0026430640526474
0.04230621130065599
1.0018515253146176
0.23146083324299194
1.0010265115658075
0.4125008014938356
1.000245462034719
0.5786988415578076
0.9995772399201477
0.72382758499834
0.9990798174437634
0.8424148003947035
0.9987983651598462
0.9299698976153433
0.998763707525524
0.9831710970514165
0.998991139149391
1.0000056529486725
0.9994808730770913
0.9798478912183874
1.000211578300905
0.9234955963987951
1.0011516917582584
0.8331266444176902
1.002251770184575
0.7122080068038482
1.0034484984752456
0.5653483286369418
1.00466722153172
0.3981034162583656
1.0058253720610126
0.21674385171306326
1.0068367557441216
0.027995700819433384
1.007616571253007
-0.16123353214789796
1.0080869516673163
-0.34413098869348385
1.0081827249051438
-0.5142439546178653
1.0078570136762273
-0.6657228804438933
1.007086239994314
-0.7935313620817707
1.0058740742680703
-0.8936143725839845
1.004253881341006
-0.9630183053172799
1.00228926976152
-0.9999577094302871
1.0000736856199075
-1.0038314735907061
0.9977202770437693
-0.9751896183148111
0.9953666235442967
-0.9156423010500785
0.9931576814701087
-0.8277362278784276
0.9912378532739077
-0.7147957058983647
0.9897395589211659
-0.5807402774611256
0.988771412073486
-0.42988933433451326
0.9884068908321539
-0.2667643104399242
0.9886744663730442
-0.0958986577043542
0.9895501591803191
0.07833514183772353
0.9909534237893025
0.25187371424345323
0.9927471160471539
0.4210801004490313
0.9947420747090325
0.5828263563161371
0.9967065605554962
0.7345398202948364
0.9983804558740871
0.8742136787714259
0.9994937551018884
1.0003858247245883
0.9997897366698701
1.1120820276517502
0.99904299513092
1.2087541454770234
0.9970953999845374
1.2901837454727951
0.9938713764089001
1.3563894307742845
0.9894011214943924
1.4075324995915697
0.983836627358347
1.4438306617491194
0.9774610487166054
1.4654862686139392
0.9706898575657523
1.4726341859651542
0.9640626059351785
1.465312806798273
0.9582246142165165
1.4434598734062483
0.9538984947414745
1.4069328767648452
0.95184607718797
1.355551950472318
0.9528219864347606
1.2891614954456485
0.9575207923480317
1.2077053670600808
0.9665202601608084
1.1113094163187196
0.9802237356815735
1.000363325887998
0.998806299892751
0.875598701792621
1.0221596600109892
0.7381564018547985
1.0498639241272902
0.5896247362096101
1.0811527361920161
0.43206265510429726
1.1149051499803344
0.267993692292422
1.1496532374781108
0.10037147412353528
1.1836091408970666
-0.06748292621442167
1.2147119524115946
-0.2319697024925937
1.2406937295986429
-0.3893213206384807
1.2591628437641906
-0.5357305721638297
1.2677017758752944
-0.6674892804343102
1.2639754853205851
-0.7811304971746955
1.2458456425651558
-0.8735666905686932
1.211485394156644
-0.9422165405105483
1.159488963852735
-0.9851135120217304
1.0889703202132277
-1.0009890996758546
0.9996466153642252
-0.9893301089214832
0.8918927938332268
-0.9504066068450177
0.7667878074710597
-0.8852567961679847
0.6261125337407453
-0.7956481801127446
0.4723281531742665
-0.6840063081419586
0.3085214637845395
-0.5533173309699659
0.13832067760118388
-0.40700960238674794
-0.03421559732323812
-0.24882059404067314
-0.20473208035896145
-0.08265603982510918
-0.3687279048201517
0.08755153327754113
-0.5217187349654114
0.2579779077985545
-0.6594028922762204
0.42502950664167777
-0.7778241256324456
0.5854474773431743
-0.8735236846047849
0.7363892770840855
-0.9436747526797609
0.8754849397714796
-0.9861930513888412
1.0008655220656624
-0.9998172618986693
1.1111679711033733
-0.9841594187890564
1.205517860304759
-0.9397226656848958
1.2834806689447686
-0.8678733010015525
1.3450047020823472
-0.7707870406953226
1.3903497228867951
-0.65136121876467
1.4200091695675976
-0.513099461279989
1.4346315829426834
-0.35997427689246586
1.4349466077325188
-0.19627396759722535
1.4217003356389963
-0.026440888911906997
1.3956038774327588
0.14509164995672896
1.3572979477114586
0.31405666593435266
1.30733499532113
0.4764982515729817
1.2461790978441596
0.6288978801865481
1.1742225454881332
0.7682774252733586
1.0918168504892363
0.8922753373528411
0.9993161456949781
0.9991950814282916
0.8971203133526426
1.0880165647020617
0.7857378981072376
1.1583959356556952
0.6658272495285915
1.2106190503940324
0.5382418397712619
1.2455424347345068
0.40406242843426554
1.264512794261773
0.2646150235534665
1.2692723539750288
0.12147219215170642
1.2618553455910781
-0.023563617269782497
1.2444810364767767
-0.16849487685458056
1.2194484800083756
-0.31118082516998885
1.1890376913741816
-0.4494041174562997
1.1554212580987935
-0.5809490134883023
1.1205895344614298
-0.7036870016525584
1.0862916042194517
-0.815665166737494
1.0539931903177853
-0.9151922964816082
1.024851706032092
-1.000916467685986
0.9997089752944328
-1.0718933028507585
0.9790915208797017
-1.1276403496676
0.9632409052979676
-1.1681617328132186
0.9521347505247743
-1.1939595569718808
0.9455261926417144
-1.2060198678670069
0.9429857720590783
-1.2057755500675924
0.9439454580576835
-1.1950474351943632
0.9477424551592992
-1.17596606873003
0.9536608400031195
-1.1508776319862888
0.9609695474490215
-1.1222383812037702
0.9689557196858575
-1.092502602344948
0.9769529099442441
-1.0640094550661199
0.9843640555425046
-1.0388741744348378
0.9906794734838253
-1.018888911322324
0.9954903652850134
-1.005438034322319
0.9984984365763464
-0.9994332527155488
0.9995234816266215
-1.0012631617464256
0.9985008370494513
-1.0107839476590024
0.9954936344937945
-1.0273153927551537
0.9906831238507554
-1.0496724744030805
0.984367453565254
-1.0762179481289043
0.9769553482872151
-1.104935758878757
0.9689565058287742
-1.1335218156652103
0.9609680996166937
-1.1594878774666137
0.9536567795560386
-1.180273726762239
0.9477356841670657
-1.1933624756509276
0.9439362115277092
-1.1963937697685028
0.9429746362543333
-1.187269826046254
0.945514083970036
-1.1642496482002562
0.9521228533737871
-1.1260273837872101
0.9632305715751464
-1.071791583956688
0.9790841384722846
-1.0012618203403345
0.9997045779741528
-0.9147053003494877
1.0248513713434746
-0.8129317686858627
1.0539977942467893
-0.6972608563722673
1.0863016823650975
-0.5694703111054488
1.120605159488183
-0.43172924050462497
1.1554419498735842
-0.28651580618033795
1.1890623745571887
-0.13652451061538504
1.219475500427403
0.01543268206530086
1.2445082425613763
0.1665270202934137
1.2618802348516283
0.3140111399427941
1.269292277524807
0.4553107184587289
1.2645252053600495
0.5881060354135789
1.2455451610045027
0.7104004629427111
1.210610564466943
0.8205736190001842
1.1583755961599698
0.9174177002790351
1.0879847992565943
1.000157567659804
0.9991547246510853
1.0684461154816713
0.8922290715895212
1.1223615244561294
0.768228759584428
1.1623652962967883
0.6288509328385867
1.1892659127784158
0.4764574514254116
1.2041650138839255
0.31402639024511314
1.208397580513802
0.14507582411509448
1.2034678855142422
-0.02643919765622586
1.190984191574366
-0.19625292598189223
1.1725950075403908
-0.35993359314666995
1.14992942205022
-0.5130405882017814
1.1245436384509322
-0.6512874216664013
1.097875365476173
-0.7707033083353813
1.0712072045399281
-0.8677860894650432
1.0456396479560297
-0.939639479292996
1.0220737930679131
-0.9840882474680601
1.001202173757118
-0.9997646710081725
0.9835108816646131
-0.9861660046995728
0.9692904293380792
-0.9436787805288513
0.9586474260417638
-0.873562196654232
0.9515223194537038
-0.7778978306673511
0.9477132710918976
-0.6595093928297178
0.9469008922155239
-0.5218523569830662
0.9486738743010837
-0.3688798084591977
0.952554502502024
-0.20489067788021945
0.9580232658996627
-0.03436727901519462
0.9645420135728653
0.13819053670848477
0.9715753286797087
0.30842727280256294
0.9786099842836166
0.4722827337940029
0.9851724887848984
0.626125715504843
0.9908448147509121
0.766865113638791
0.9952784277322826
0.8920343489699611
0.9982054538701945
0.9998476411043946
0.9994508998350715
1.0892182996745983
0.9989465092054531
1.1597650079828266
0.9967276200976521
1.211765125176568
0.9929435669239064
1.2461007020908175
0.9878575445527815
1.264175613285437
0.9818438497549615
1.2678173499024046
0.9753805300530691
1.2591677154206926
0.9690367542125206
1.240568148938232
0.9634543537254416
1.2144453400758444
0.959323213162163
1.183202451865714
0.9573505049951465
1.1491206653451644
0.9582241590510092
1.114274947000191
0.9625714078057135
1.0804669722383016
0.9709137289412904
1.0491770752799991
0.9836199829661008
1.0215360010647854
1.0008587409171388
0.9983174080775286
1.0225563229424413
0.9799412402963841
1.048361903661095
0.966511547062897
1.077615970940713
0.9578432745597452
1.1093316467867749
0.9535174541223337
1.142192946941874
0.9529355675989866
1.1745681855710297
0.955378125018331
1.2045412490252145
0.9600627879689138
1.2299614057190111
0.9661989376433912
1.2485113663798668
0.9730360596101159
1.2577922664132999
0.979903899153011
1.2554231644196026
0.9862429901158515
1.2391515994940938
0.9916248342488739
1.2069707899399715
0.9957616663243303
1.157238252290444
0.9985063459198624
1.0887900326683655
0.9998434387689425
1.0010456635364853
0.9998742039929073
0.8940890994658155
0.9987886443044194
0.7687455173815417
0.996852244253223
0.6266061517181492
0.9943666729177965
0.4700397069194297
0.9916490172444468
0.30216180008491117
0.9890055393356064
0.12676973021362387
0.9867099819429743
-0.0517582662604205
0.9849862597425488
-0.2285970669832225
0.9839962418023565
-0.3986380063001065
0.9838329497201623
-0.5566757808155314
0.984519128645922
-0.6976116726258191
0.9860108156266938
-0.8166646152681992
0.9882052483537437
-0.9095807661574641
0.9909522398277817
-0.9728318209893982
0.9940679981736056
-1.0037923540001752
0.997350298427466
-1.0008857738384922
1.000592673850834
-0.9636946869027387
1.0036005277617674
-0.8930275417467102
1.0062089938640015
-0.790930148313728
1.0082834783297239
-0.6606461619121902
1.0097333533260036
-0.506527861406823
1.0105150026630834
-0.33389563709220166
1.010632733609303
-0.1488522280110735
1.0101364291860966
0.04194120030331463
1.0091162454111802
0.23151804631599782
1.0076948205258756
0.41287764024085305
1.0060175902962234
0.5792631916721607
1.0042418906814057
0.724433974770312
1.002525574473161
0.8429194649128177
1.0010158720154898
0.930243806531205
0.9998391898020711
0.9831102432047127
0.9990924682254669
0.9995381609997888
0.9988378546996182
0.978937771101924
0.999092468225467
0.9221421120766642
0.9998391898020709
0.8313643336000639
1.0010158720154898
0.7101003921300222
1.002525574473161
0.5629809757990878
1.0042418906814055
0.39557580405875664
1.006017590296223
0.2141607821625914
1.0076948205258753
0.025458948592818147
1.0091162454111802
-0.16363270743543123
1.0101364291860964
-0.3463179580388407
1.010632733609303
-0.5161650953100718
1.010515002663083
-0.6673480015094956
1.0097333533260036
-0.7948541300776777
1.0082834783297239
-0.8946508413499211
1.0062089938640015
-0.9638037882042262
1.0036005277617672
-1.0005423409985128
1.0005926738508342
-1.0042748838747033
0.9973502984274659
-0.975554076694464
0.9940679981736056
-0.9159895325582487
0.9909522398277815
-0.8281208965788007
0.9882052483537438
-0.7152609811167606
0.9860108156266939
-0.5813145443363411
0.984519128645922
-0.4305842477849306
0.9838329497201622
-0.26757428112786763
0.9839962418023565
-0.09680174712604492
0.9849862597425489
0.07737504431412615
0.9867099819429743
0.2509036495492342
0.9890055393356065
0.42015402020375175
0.9916490172444468
0.5820006580749659
0.9943666729177965
0.733868789547227
0.9968522442532232
0.8737451822791213
0.9987886443044193
1.0001575676598038
0.9998742039929072
1.1121186334815854
0.9998434387689427
1.2090663539090867
0.9985063459198623
1.2907651011645334
0.9957616663243303
1.3572179279882428
0.991624834248874
1.4085720827934205
0.9862429901158513
1.4450336761424702
0.9799038991530108
1.4667966529337009
0.9730360596101157
1.4739911547675348
0.9661989376433912
1.4666547447099363
0.9600627879689136
1.4447281602062232
0.955378125018331
1.408075379063068
0.9529355675989865
1.3565259509495255
0.9535174541223337
1.2899358807259094
0.9578432745597452
1.208261955964631
0.966511547062897
1.111643376593129
0.9799412402963841
1.0004826944152958
0.9983174080775286
0.8755230859121512
1.0215360010647854
0.7379138869007904
1.0491770752799987
0.5892519079191851
1.0804669722383016
0.43160049491694524
1.114274947000191
0.2674845966334667
1.1491206653451647
0.09985637460343678
1.1832024518657143
-0.06796714502572404
1.2144453400758446
-0.23239232355740794
1.2405681489382323
-0.389659331928139
1.2591677154206924
-0.5359695493646485
1.2678173499024044
-0.6676235952482832
1.2641756132854367
-0.7811628822494863
1.2461007020908177
-0.8735072375703192
1.211765125176568
-0.9420812449847542
1.1597650079828266
-0.984922505116067
1.0892182996745983
-1.0007647210921875
0.9998476411043946
-0.9890949772188556
0.8920343489699613
-0.9501829394392951
0.766865113638791
-0.885062368883073
0.626125715504843
-0.7954964648897762
0.4722827337940029
-0.683905811121356
0.30842727280256294
-0.5532713855467447
0.13819053670848475
-0.40701659608154545
-0.03436727901519465
-0.2488745752679044
-0.20489067788021945
-0.0827476244500818
-0.3688798084591977
0.08743405365679767
-0.5218523569830662
0.2578473627302179
-0.6595093928297177
0.42489865531963994
-0.7778978306673511
0.5853279261552358
-0.873562196654232
0.7362905872975795
-0.9436787805288511
0.8754139846106637
-0.9861660046995727
1.0008261272552756
-0.9997646710081723
1.111160846718601
-0.98408824746806
1.2055397002595654
-0.9396394792929958
1.283527114325125
-0.8677860894650431
1.345069669638924
-0.7707033083353813
1.3904260705721263
-0.6512874216664013
1.4200893966854133
-0.5130405882017813
1.4347085032251123
-0.35993359314666984
1.4350139406228897
-0.19625292598189217
1.4217531720680765
-0.02643919765622582
1.3956389902429724
0.1450758241150945
1.3573139322577432
0.31402639024511314
1.307332241272565
0.47645745142541157
1.2461596075213504
0.6288509328385867
1.1741896260747722
0.7682287595844279
1.0917747162948912
0.8922290715895211
0.9992694717831225
0.9991547246510851
0.897073783092341
1.0879847992565945
0.7856968911658695
1.1583755961599698
0.6657949692995279
1.210610564466943
0.5382203486979009
1.245545161004503
0.4040525679230519
1.2645252053600493
0.2646164540432964
1.269292277524807
0.12148353942778924
1.2618802348516283
-0.02354453207934431
1.2445082425613763
-0.16847075210020915
1.2194755004274032
-0.31115456970114774
1.1890623745571889
-0.4493785489955665
1.1554419498735844
-0.5809265924160504
1.120605159488183
-0.7036696227730521
1.0863016823650973
-0.8156540243909284
1.0539977942467889
-0.915187830224016
1.0248513713434746
-1.0009183875003553
0.9997045779741529
-1.0719006852581758
0.9790841384722846
-1.127650683390421
0.9632305715751464
-1.1681736299642056
0.9521228533737872
-1.1939716656435593
0.9455140839700358
-1.2060310036717516
0.9429746362543335
-1.205784796597567
0.9439362115277092
-1.1950542061865967
0.9477356841670657
-1.1759701291771105
0.9536567795560387
-1.1508790798186166
0.9609680996166935
-1.1222375950608532
0.9689565058287745
-1.092500164001977
0.9769553482872152
-1.0640060570433705
0.984367453565254
-1.0388705240679075
0.9906831238507556
-1.0188856421135433
0.9954936344937945
-1.005435633849214
0.9985008370494511
-0.9994320139625934
0.999524720379577
-1.0012631617464256
0.9985008370494513
-1.0107839476590024
0.9954936344937945
-1.0273153927551537
0.9906831238507554
-1.0496724744030805
0.984367453565254
-1.0762179481289043
0.9769553482872151
-1.104935758878757
0.9689565058287742
-1.1335218156652103
0.9609680996166937
-1.1594878774666137
0.9536567795560386
-1.180273726762239
0.9477356841670657
-1.1933624756509276
0.9439362115277092
-1.1963937697685028
0.9429746362543333
-1.187269826046254
0.945514083970036
-1.1642496482002562
0.9521228533737871
-1.1260273837872101
0.9632305715751464
-1.071791583956688
0.9790841384722846
-1.0012618203403345
0.9997045779741528
-0.9147053003494877
1.0248513713434746
-0.8129317686858627
1.0539977942467893
-0.6972608563722673
1.0863016823650975
-0.5694703111054488
1.120605159488183
-0.43172924050462497
1.1554419498735842
-0.28651580618033795
1.1890623745571887
-0.13652451061538504
1.219475500427403
0.01543268206530086
1.2445082425613763
0.1665270202934137
1.2618802348516283
0.3140111399427941
1.269292277524807
0.4553107184587289
1.2645252053600495
0.5881060354135789
1.2455451610045027
0.7104004629427111
1.210610564466943
0.8205736190001842
1.1583755961599698
0.9174177002790351
1.0879847992565943
1.000157567659804
0.9991547246510853
1.0684461154816713
0.8922290715895212
1.1223615244561294
0.768228759584428
1.1623652962967883
0.6288509328385867
1.1892659127784158
0.4764574514254116
1.2041650138839255
0.31402639024511314
1.208397580513802
0.14507582411509448
1.2034678855142422
-0.02643919765622586
1.190984191574366
-0.19625292598189223
1.1725950075403908
-0.35993359314666995
1.14992942205022
-0.5130405882017814
1.1245436384509322
-0.6512874216664013
1.097875365476173
-0.7707033083353813
1.0712072045399281
-0.8677860894650432
1.0456396479560297
-0.939639479292996
1.0220737930679131
-0.9840882474680601
1.001202173757118
-0.9997646710081725
0.9835108816646131
-0.9861660046995728
0.9692904293380792
-0.9436787805288513
0.9586474260417638
-0.873562196654232
0.9515223194537038
-0.7778978306673511
0.9477132710918976
-0.6595093928297178
0.9469008922155239
-0.5218523569830662
0.9486738743010837
-0.3688798084591977
0.952554502502024
-0.20489067788021945
0.9580232658996627
-0.03436727901519462
0.9645420135728653
0.13819053670848477
0.9715753286797087
0.30842727280256294
0.9786099842836166
0.4722827337940029
0.9851724887848984
0.626125715504843
0.9908448147509121
0.766865113638791
0.9952784277322826
0.8920343489699611
0.9982054538701945
0.9998476411043946
0.9994508998350715
1.0892182996745983
0.9989465092054531
1.1597650079828266
0.9967276200976521
1.211765125176568
0.9929435669239064
1.2461007020908175
0.9878575445527815
1.264175613285437
0.9818438497549615
1.2678173499024046
0.9753805300530691
1.2591677154206926
0.9690367542125206
1.240568148938232
0.9634543537254416
1.2144453400758444
0.959323213162163
1.183202451865714
0.9573505049951465
1.1491206653451644
0.9582241590510092
1.114274947000191
0.9625714078057135
1.0804669722383016
0.9709137289412904
1.0491770752799991
0.9836199829661008
1.0215360010647854
1.0008587409171388
0.9983174080775286
1.0225563229424413
0.9799412402963841
1.048361903661095
0.966511547062897
1.077615970940713
0.9578432745597452
1.1093316467867749
0.9535174541223337
1.142192946941874
0.9529355675989866
1.1745681855710297
0.955378125018331
1.2045412490252145
0.9600627879689138
1.2299614057190111
0.9661989376433912
1.2485113663798668
0.9730360596101159
1.2577922664132999
0.979903899153011
1.2554231644196026
0.9862429901158515
1.2391515994940938
0.9916248342488739
1.2069707899399715
0.9957616663243303
1.157238252290444
0.9985063459198624
1.0887900326683655
0.9998434387689425
1.0010456635364853
0.9998742039929073
0.8940890994658155
0.9987886443044194
0.7687455173815417
0.996852244253223
0.6266061517181492
0.9943666729177965
0.4700397069194297
0.9916490172444468
0.30216180008491117
0.9890055393356064
0.12676973021362387
0.9867099819429743
-0.0517582662604205
0.9849862597425488
-0.2285970669832225
0.9839962418023565
-0.3986380063001065
0.9838329497201623
-0.5566757808155314
0.984519128645922
-0.6976116726258191
0.9860108156266938
-0.8166646152681992
0.9882052483537437
-0.9095807661574641
0.9909522398277817
-0.9728318209893982
0.9940679981736056
-1.0037923540001752
0.997350298427466
-1.0008857738384922
1.000592673850834
-0.9636946869027387
1.0036005277617674
-0.8930275417467102
1.0062089938640015
-0.790930148313728
1.0082834783297239
-0.6606461619121902
1.0097333533260036
-0.506527861406823
1.0105150026630834
-0.33389563709220166
1.010632733609303
-0.1488522280110735
1.0101364291860966
0.04194120030331463
1.0091162454111802
0.23151804631599782
1.0076948205258756
0.41287764024085305
1.0060175902962234
0.5792631916721607
1.0042418906814057
0.724433974770312
1.002525574473161
0.8429194649128177
1.0010158720154898
0.930243806531205
0.9998391898020711
0.9831102432047127
0.9990924682254669
0.9995381609997888
0.9988378546996182
0.978937771101924
0.999092468225467
0.9221421120766642
0.9998391898020709
0.8313643336000639
1.0010158720154898
0.7101003921300222
1.002525574473161
0.5629809757990878
1.0042418906814055
0.39557580405875664
1.006017590296223
0.2141607821625914
1.0076948205258753
0.025458948592818147
1.0091162454111802
-0.16363270743543123
1.0101364291860964
-0.3463179580388407
1.010632733609303
-0.5161650953100718
1.010515002663083
-0.6673480015094956
1.0097333533260036
-0.7948541300776777
1.0082834783297239
-0.8946508413499211
1.0062089938640015
-0.9638037882042262
1.0036005277617672
-1.0005423409985128
1.0005926738508342
-1.0042748838747033
0.9973502984274659
-0.975554076694464
0.9940679981736056
-0.9159895325582487
0.9909522398277815
-0.8281208965788007
0.9882052483537438
-0.7152609811167606
0.9860108156266939
-0.5813145443363411
0.984519128645922
-0.4305842477849306
0.9838329497201622
-0.26757428112786763
0.9839962418023565
-0.09680174712604492
0.9849862597425489
0.07737504431412615
0.9867099819429743
0.2509036495492342
0.9890055393356065
0.42015402020375175
0.9916490172444468
0.5820006580749659
0.9943666729177965
0.733868789547227
0.9968522442532232
0.8737451822791213
0.9987886443044193
1.0001575676598038
0.9998742039929072
1.1121186334815854
0.9998434387689427
1.2090663539090867
0.9985063459198623
1.2907651011645334
0.9957616663243303
1.3572179279882428
0.991624834248874
1.4085720827934205
0.9862429901158513
1.4450336761424702
0.9799038991530108
1.4667966529337009
0.9730360596101157
1.4739911547675348
0.9661989376433912
1.4666547447099363
0.9600627879689136
1.4447281602062232
0.955378125018331
1.408075379063068
0.9529355675989865
1.3565259509495255
0.9535174541223337
1.2899358807259094
0.9578432745597452
1.208261955964631
0.966511547062897
1.111643376593129
0.9799412402963841
1.0004826944152958
0.9983174080775286
0.8755230859121512
1.0215360010647854
0.7379138869007904
1.0491770752799987
0.5892519079191851
1.0804669722383016
0.43160049491694524
1.114274947000191
0.2674845966334667
1.1491206653451647
0.09985637460343678
1.1832024518657143
-0.06796714502572404
1.2144453400758446
-0.23239232355740794
1.2405681489382323
-0.389659331928139
1.2591677154206924
-0.5359695493646485
1.2678173499024044
-0.6676235952482832
1.2641756132854367
-0.7811628822494863
1.2461007020908177
-0.8735072375703192
1.211765125176568
-0.9420812449847542
1.1597650079828266
-0.984922505116067
1.0892182996745983
-1.0007647210921875
0.9998476411043946
-0.9890949772188556
0.8920343489699613
-0.9501829394392951
0.766865113638791
-0.885062368883073
0.626125715504843
-0.7954964648897762
0.4722827337940029
-0.683905811121356
0.30842727280256294
-0.5532713855467447
0.13819053670848475
-0.40701659608154545
-0.03436727901519465
-0.2488745752679044
-0.20489067788021945
-0.0827476244500818
-0.3688798084591977
0.08743405365679767
-0.5218523569830662
0.2578473627302179
-0.6595093928297177
0.42489865531963994
-0.7778978306673511
0.5853279261552358
-0.873562196654232
0.7362905872975795
-0.9436787805288511
0.8754139846106637
-0.9861660046995727
1.0008261272552756
-0.9997646710081723
1.111160846718601
-0.98408824746806
1.2055397002595654
-0.9396394792929958
1.283527114325125
-0.8677860894650431
1.345069669638924
-0.7707033083353813
1.3904260705721263
-0.6512874216664013
1.4200893966854133
-0.5130405882017813
1.4347085032251123
-0.35993359314666984
1.4350139406228897
-0.19625292598189217
1.4217531720680765
-0.02643919765622582
1.3956389902429724
0.1450758241150945
1.3573139322577432
0.31402639024511314
1.307332241272565
0.47645745142541157
1.2461596075213504
0.6288509328385867
1.1741896260747722
0.7682287595844279
1.0917747162948912
0.8922290715895211
0.9992694717831225
0.9991547246510851
0.897073783092341
1.0879847992565945
0.7856968911658695
1.1583755961599698
0.6657949692995279
1.210610564466943
0.5382203486979009
1.245545161004503
0.4040525679230519
1.2645252053600493
0.2646164540432964
1.269292277524807
0.12148353942778924
1.2618802348516283
-0.02354453207934431
1.2445082425613763
-0.16847075210020915
1.2194755004274032
-0.31115456970114774
1.1890623745571889
-0.4493785489955665
1.1554419498735844
-0.5809265924160504
1.120605159488183
-0.7036696227730521
1.0863016823650973
-0.8156540243909284
1.0539977942467889
-0.915187830224016
1.0248513713434746
-1.0009183875003553
0.9997045779741529
-1.0719006852581758
0.9790841384722846
-1.127650683390421
0.9632305715751464
-1.1681736299642056
0.9521228533737872
-1.1939716656435593
0.9455140839700358
-1.2060310036717516
0.9429746362543335
-1.205784796597567
0.9439362115277092
-1.1950542061865967
0.9477356841670657
-1.1759701291771105
0.9536567795560387
-1.1508790798186166
0.9609680996166935
-1.1222375950608532
0.9689565058287745
-1.092500164001977
0.9769553482872152
-1.0640060570433705
0.984367453565254
-1.0388705240679075
0.9906831238507556
-1.0188856421135433
0.9954936344937945
-1.005435633849214
0.9985008370494511
-0.9994320139625934
0.999524720379577
-1.0012631617464256
0.9985008370494513
-1.0107839476590024
0.9954936344937945
-1.0273153927551537
0.9906831238507554
-1.0496724744030805
0.984367453565254
-1.0762179481289043
0.9769553482872151
-1.104935758878757
0.9689565058287742
-1.1335218156652103
0.9609680996166937
-1.1594878774666137
0.9536567795560386
-1.180273726762239
0.9477356841670657
-1.1933624756509276
0.9439362115277092
-1.1963937697685028
0.9429746362543333
-1.187269826046254
0.945514083970036
-1.1642496482002562
0.9521228533737871
-1.1260273837872101
0.9632305715751464
-1.071791583956688
0.9790841384722846
-1.0012618203403345
0.9997045779741528
-0.9147053003494877
1.0248513713434746
-0.8129317686858627
1.0539977942467893
-0.6972608563722673
1.0863016823650975
-0.5694703111054488
1.120605159488183
-0.43172924050462497
1.1554419498735842
-0.28651580618033795
1.1890623745571887
-0.13652451061538504
1.219475500427403
0.01543268206530086
1.2445082425613763
0.1665270202934137
1.2618802348516283
0.3140111399427941
1.269292277524807
0.4553107184587289
1.2645252053600495
0.5881060354135789
1.2455451610045027
0.7104004629427111
1.210610564466943
0.8205736190001842
1.1583755961599698
0.9174177002790351
1.0879847992565943
1.000157567659804
0.9991547246510853
1.0684461154816713
0.8922290715895212
1.1223615244561294
0.768228759584428
1.1623652962967883
0.6288509328385867
1.1892659127784158
0.4764574514254116
1.2041650138839255
0.31402639024511314
1.208397580513802
0.14507582411509448
1.2034678855142422
-0.02643919765622586
1.190984191574366
-0.19625292598189223
1.1725950075403908
-0.35993359314666995
1.14992942205022
-0.5130405882017814
1.1245436384509322
-0.6512874216664013
1.097875365476173
-0.7707033083353813
1.0712072045399281
-0.8677860894650432
1.0456396479560297
-0.939639479292996
1.0220737930679131
-0.9840882474680601
1.001202173757118
-0.9997646710081725
0.9835108816646131
-0.9861660046995728
0.9692904293380792
-0.9436787805288513
0.9586474260417638
-0.873562196654232
0.9515223194537038
-0.7778978306673511
0.9477132710918976
-0.6595093928297178
0.9469008922155239
-0.5218523569830662
0.9486738743010837
-0.3688798084591977
0.952554502502024
-0.20489067788021945
0.9580232658996627
-0.03436727901519462
0.9645420135728653
0.13819053670848477
0.9715753286797087
0.30842727280256294
0.9786099842836166
0.4722827337940029
0.9851724887848984
0.626125715504843
0.9908448147509121
0.766865113638791
0.9952784277322826
0.8920343489699611
0.9982054538701945
0.9998476411043946
0.9994508998350715
1.0892182996745983
0.9989465092054531
1.1597650079828266
0.9967276200976521
1.211765125176568
0.9929435669239064
1.2461007020908175
0.9878575445527815
1.264175613285437
0.9818438497549615
1.2678173499024046
0.9753805300530691
1.2591677154206926
0.9690367542125206
1.240568148938232
0.9634543537254416
1.2144453400758444
0.959323213162163
1.183202451865714
0.9573505049951465
1.1491206653451644
0.9582241590510092
1.114274947000191
0.9625714078057135
1.0804669722383016
0.9709137289412904
1.0491770752799991
0.9836199829661008
1.0215360010647854
1.0008587409171388
0.9983174080775286
1.0225563229424413
0.9799412402963841
1.048361903661095
0.966511547062897
1.077615970940713
0.9578432745597452
1.1093316467867749
0.9535174541223337
1.142192946941874
0.9529355675989866
1.1745681855710297
0.955378125018331
1.2045412490252145
0.9600627879689138
1.2299614057190111
0.9661989376433912
1.2485113663798668
0.9730360596101159
1.2577922664132999
0.979903899153011
1.2554231644196026
0.9862429901158515
1.2391515994940938
0.9916248342488739
1.2069707899399715
0.9957616663243303
1.157238252290444
0.9985063459198624
1.0887900326683655
0.9998434387689425
1.0010456635364853
0.9998742039929073
0.8940890994658155
0.9987886443044194
0.7687455173815417
0.996852244253223
0.6266061517181492
0.9943666729177965
0.4700397069194297
0.9916490172444468
0.30216180008491117
0.9890055393356064
0.12676973021362387
0.9867099819429743
-0.0517582662604205
0.9849862597425488
-0.2285970669832225
0.9839962418023565
-0.3986380063001065
0.9838329497201623
-0.5566757808155314
0.984519128645922
-0.6976116726258191
0.9860108156266938
-0.8166646152681992
0.9882052483537437
-0.9095807661574641
0.9909522398277817
-0.9728318209893982
0.9940679981736056
-1.0037923540001752
0.997350298427466
-1.0008857738384922
1.000592673850834
-0.9636946869027387
1.0036005277617674
-0.8930275417467102
1.0062089938640015
-0.790930148313728
1.0082834783297239
-0.6606461619121902
1.0097333533260036
-0.506527861406823
1.0105150026630834
-0.33389563709220166
1.010632733609303
-0.1488522280110735
1.0101364291860966
0.04194120030331463
1.0091162454111802
0.23151804631599782
1.0076948205258756
0.41287764024085305
1.0060175902962234
0.5792631916721607
1.0042418906814057
0.724433974770312
1.002525574473161
0.8429194649128177
1.0010158720154898
0.930243806531205
0.9998391898020711
0.9831102432047127
0.9990924682254669
0.9995381609997888
0.9988378546996182
0.978937771101924
0.999092468225467
0.9221421120766642
0.9998391898020709
0.8313643336000639
1.0010158720154898
0.7101003921300222
1.002525574473161
0.5629809757990878
1.0042418906814055
0.39557580405875664
1.006017590296223
0.2141607821625914
1.0076948205258753
0.025458948592818147
1.0091162454111802
-0.16363270743543123
1.0101364291860964
-0.3463179580388407
1.010632733609303
-0.5161650953100718
1.010515002663083
-0.6673480015094956
1.0097333533260036
-0.7948541300776777
1.0082834783297239
-0.8946508413499211
1.0062089938640015
-0.9638037882042262
1.0036005277617672
-1.0005423409985128
1.0005926738508342
-1.0042748838747033
0.9973502984274659
-0.975554076694464
0.9940679981736056
-0.9159895325582487
0.9909522398277815
-0.8281208965788007
0.9882052483537438
-0.7152609811167606
0.9860108156266939
-0.5813145443363411
0.984519128645922
-0.4305842477849306
0.9838329497201622
-0.26757428112786763
0.9839962418023565
-0.09680174712604492
0.9849862597425489
0.07737504431412615
0.9867099819429743
0.2509036495492342
0.9890055393356065
0.42015402020375175
0.9916490172444468
0.5820006580749659
0.9943666729177965
0.733868789547227
0.9968522442532232
0.8737451822791213
0.9987886443044193
1.0001575676598038
0.9998742039929072
1.1121186334815854
0.9998434387689427
1.2090663539090867
0.9985063459198623
1.2907651011645334
0.9957616663243303
1.3572179279882428
0.991624834248874
1.4085720827934205
0.9862429901158513
1.4450336761424702
0.9799038991530108
1.4667966529337009
0.9730360596101157
1.4739911547675348
0.9661989376433912
1.4666547447099363
0.9600627879689136
1.4447281602062232
0.955378125018331
1.408075379063068
0.9529355675989865
1.3565259509495255
0.9535174541223337
1.2899358807259094
0.9578432745597452
1.208261955964631
0.966511547062897
1.111643376593129
0.9799412402963841
1.0004826944152958
0.9983174080775286
0.8755230859121512
1.0215360010647854
0.7379138869007904
1.0491770752799987
0.5892519079191851
1.0804669722383016
0.43160049491694524
1.114274947000191
0.2674845966334667
1.1491206653451647
0.09985637460343678
1.1832024518657143
-0.06796714502572404
1.2144453400758446
-0.23239232355740794
1.2405681489382323
-0.389659331928139
1.2591677154206924
-0.5359695493646485
1.2678173499024044
-0.6676235952482832
1.2641756132854367
-0.7811628822494863
1.2461007020908177
-0.8735072375703192
1.211765125176568
-0.9420812449847542
1.1597650079828266
-0.984922505116067
1.0892182996745983
-1.0007647210921875
0.9998476411043946
-0.9890949772188556
0.8920343489699613
-0.9501829394392951
0.766865113638791
-0.885062368883073
0.626125715504843
-0.7954964648897762
0.4722827337940029
-0.683905811121356
0.30842727280256294
-0.5532713855467447
0.13819053670848475
-0.40701659608154545
-0.03436727901519465
-0.2488745752679044
-0.20489067788021945
-0.0827476244500818
-0.3688798084591977
0.08743405365679767
-0.5218523569830662
0.2578473627302179
-0.6595093928297177
0.42489865531963994
-0.7778978306673511
0.5853279261552358
-0.873562196654232
0.7362905872975795
-0.9436787805288511
0.8754139846106637
-0.9861660046995727
1.0008261272552756
-0.9997646710081723
1.111160846718601
-0.98408824746806
1.2055397002595654
-0.9396394792929958
1.283527114325125
-0.8677860894650431
1.345069669638924
-0.7707033083353813
1.3904260705721263
-0.6512874216664013
1.4200893966854133
-0.5130405882017813
1.4347085032251123
-0.35993359314666984
1.4350139406228897
-0.19625292598189217
1.4217531720680765
-0.02643919765622582
1.3956389902429724
0.1450758241150945
1.3573139322577432
0.31402639024511314
1.307332241272565
0.47645745142541157
1.2461596075213504
0.6288509328385867
1.1741896260747722
0.7682287595844279
1.0917747162948912
0.8922290715895211
0.9992694717831225
0.9991547246510851
0.897073783092341
1.0879847992565945
0.7856968911658695
1.1583755961599698
0.6657949692995279
1.210610564466943
0.5382203486979009
1.245545161004503
0.4040525679230519
1.2645252053600493
0.2646164540432964
1.269292277524807
0.12148353942778924
1.2618802348516283
-0.02354453207934431
1.2445082425613763
-0.16847075210020915
1.2194755004274032
-0.31115456970114774
1.1890623745571889
-0.4493785489955665
1.1554419498735844
-0.5809265924160504
1.120605159488183
-0.7036696227730521
1.0863016823650973
-0.8156540243909284
1.0539977942467889
-0.915187830224016
1.0248513713434746
-1.0009183875003553
0.9997045779741529
-1.0719006852581758
0.9790841384722846
-1.127650683390421
0.9632305715751464
-1.1681736299642056
0.9521228533737872
-1.1939716656435593
0.9455140839700358
-1.2060310036717516
0.9429746362543335
-1.205784796597567
0.9439362115277092
-1.1950542061865967
0.9477356841670657
-1.1759701291771105
0.9536567795560387
-1.1508790798186166
0.9609680996166935
-1.1222375950608532
0.9689565058287745
-1.092500164001977
0.9769553482872152
-1.0640060570433705
0.984367453565254
-1.0388705240679075
0.9906831238507556
-1.0188856421135433
0.9954936344937945
-1.005435633849214
0.9985008370494511
-0.9994320139625934
0.999524720379577
-1.0012631617464256
0.9985008370494513
-1.0107839476590024
0.9954936344937945
-1.0273153927551537
0.9906831238507554
-1.0496724744030805
0.984367453565254
-1.0762179481289043
0.9769553482872151
-1.104935758878757
0.9689565058287742
-1.1335218156652103
0.9609680996166937
-1.1594878774666137
0.9536567795560386
-1.180273726762239
0.9477356841670657
-1.1933624756509276
0.9439362115277092
-1.1963937697685028
0.9429746362543333
-1.187269826046254
0.945514083970036
-1.1642496482002562
0.9521228533737871
-1.1260273837872101
0.9632305715751464
-1.071791583956688
0.9790841384722846
-1.0012618203403345
0.9997045779741528
-0.9147053003494877
1.0248513713434746
-0.8129317686858627
1.0539977942467893
-0.6972608563722673
1.0863016823650975
-0.5694703111054488
1.120605159488183
-0.43172924050462497
1.1554419498735842
-0.28651580618033795
1.1890623745571887
-0.13652451061538504
1.219475500427403
0.01543268206530086
1.2445082425613763
0.1665270202934137
1.2618802348516283
0.3140111399427941
1.269292277524807
0.4553107184587289
1.2645252053600495
0.5881060354135789
1.2455451610045027
0.7104004629427111
1.210610564466943
0.8205736190001842
1.1583755961599698
0.9174177002790351
1.0879847992565943
1.000157567659804
0.9991547246510853
1.0684461154816713
0.8922290715895212
1.1223615244561294
0.768228759584428
1.1623652962967883
0.6288509328385867
1.1892659127784158
0.4764574514254116
1.2041650138839255
0.31402639024511314
1.208397580513802
0.14507582411509448
1.2034678855142422
-0.02643919765622586
1.190984191574366
-0.19625292598189223
1.1725950075403908
-0.35993359314666995
1.14992942205022
-0.5130405882017814
1.1245436384509322
-0.6512874216664013
1.097875365476173
-0.7707033083353813
1.0712072045399281
-0.8677860894650432
1.0456396479560297
-0.939639479292996
1.0220737930679131
-0.9840882474680601
1.001202173757118
-0.9997646710081725
0.9835108816646131
-0.9861660046995728
0.9692904293380792
-0.9436787805288513
0.9586474260417638
-0.873562196654232
0.9515223194537038
-0.7778978306673511
0.9477132710918976
-0.6595093928297178
0.9469008922155239
-0.5218523569830662
0.9486738743010837
-0.3688798084591977
0.952554502502024
-0.20489067788021945
0.9580232658996627
-0.03436727901519462
0.9645420135728653
0.13819053670848477
0.9715753286797087
0.30842727280256294
0.9786099842836166
0.4722827337940029
0.9851724887848984
0.626125715504843
0.9908448147509121
0.766865113638791
0.9952784277322826
0.8920343489699611
0.9982054538701945
0.9998476411043946
0.9994508998350715
1.0892182996745983
0.9989465092054531
1.1597650079828266
0.9967276200976521
1.211765125176568
0.9929435669239064
1.2461007020908175
0.9878575445527815
1.264175613285437
0.9818438497549615
1.2678173499024046
0.9753805300530691
1.2591677154206926
0.9690367542125206
1.240568148938232
0.9634543537254416
1.2144453400758444
0.959323213162163
1.183202451865714
0.9573505049951465
1.1491206653451644
0.9582241590510092
1.114274947000191
0.9625714078057135
1.0804669722383016
0.9709137289412904
1.0491770752799991
0.9836199829661008
1.0215360010647854
1.0008587409171388
0.9983174080775286
1.0225563229424413
0.9799412402963841
1.048361903661095
0.966511547062897
1.077615970940713
0.9578432745597452
1.1093316467867749
0.9535174541223337
1.142192946941874
0.9529355675989866
1.1745681855710297
0.955378125018331
1.2045412490252145
0.9600627879689138
1.2299614057190111
0.9661989376433912
1.2485113663798668
0.9730360596101159
1.2577922664132999
0.979903899153011
1.2554231644196026
0.9862429901158515
1.2391515994940938
0.9916248342488739
1.2069707899399715
0.9957616663243303
1.157238252290444
0.9985063459198624
1.0887900326683655
0.9998434387689425
1.0010456635364853
0.9998742039929073
0.8940890994658155
0.9987886443044194
0.7687455173815417
0.996852244253223
0.6266061517181492
0.9943666729177965
0.4700397069194297
0.9916490172444468
0.30216180008491117
0.9890055393356064
0.12676973021362387
0.9867099819429743
-0.0517582662604205
0.9849862597425488
-0.2285970669832225
0.9839962418023565
-0.3986380063001065
0.9838329497201623
-0.5566757808155314
0.984519128645922
-0.6976116726258191
0.9860108156266938
-0.8166646152681992
0.9882052483537437
-0.9095807661574641
0.9909522398277817
-0.9728318209893982
0.9940679981736056
-1.0037923540001752
0.997350298427466
-1.0008857738384922
1.000592673850834
-0.9636946869027387
1.0036005277617674
-0.8930275417467102
1.0062089938640015
-0.790930148313728
1.0082834783297239
-0.6606461619121902
1.0097333533260036
-0.506527861406823
1.0105150026630834
-0.33389563709220166
1.010632733609303
-0.1488522280110735
1.0101364291860966
0.04194120030331463
1.0091162454111802
0.23151804631599782
1.0076948205258756
0.41287764024085305
1.0060175902962234
0.5792631916721607
1.0042418906814057
0.724433974770312
1.002525574473161
0.8429194649128177
1.0010158720154898
0.930243806531205
0.9998391898020711
0.9831102432047127
0.9990924682254669
0.9995381609997888
0.9988378546996182
0.978937771101924
0.999092468225467
0.9221421120766642
0.9998391898020709
0.8313643336000639
1.0010158720154898
0.7101003921300222
1.002525574473161
0.5629809757990878
1.0042418906814055
0.39557580405875664
1.006017590296223
0.2141607821625914
1.0076948205258753
0.025458948592818147
1.0091162454111802
-0.16363270743543123
1.0101364291860964
-0.3463179580388407
1.010632733609303
-0.5161650953100718
1.010515002663083
-0.6673480015094956
1.0097333533260036
-0.7948541300776777
1.0082834783297239
-0.8946508413499211
1.0062089938640015
-0.9638037882042262
1.0036005277617672
-1.0005423409985128
1.0005926738508342
-1.0042748838747033
0.9973502984274659
-0.975554076694464
0.9940679981736056
-0.9159895325582487
0.9909522398277815
-0.8281208965788007
0.9882052483537438
-0.7152609811167606
0.9860108156266939
-0.5813145443363411
0.984519128645922
-0.4305842477849306
0.9838329497201622
-0.26757428112786763
0.9839962418023565
-0.09680174712604492
0.9849862597425489
0.07737504431412615
0.9867099819429743
0.2509036495492342
0.9890055393356065
0.42015402020375175
0.9916490172444468
0.5820006580749659
0.9943666729177965
0.733868789547227
0.9968522442532232
0.8737451822791213
0.9987886443044193
1.0001575676598038
0.9998742039929072
1.1121186334815854
0.9998434387689427
1.2090663539090867
0.9985063459198623
1.2907651011645334
0.9957616663243303
1.3572179279882428
0.991624834248874
1.4085720827934205
0.9862429901158513
1.4450336761424702
0.9799038991530108
1.4667966529337009
0.9730360596101157
1.4739911547675348
0.9661989376433912
1.4666547447099363
0.9600627879689136
1.4447281602062232
0.955378125018331
1.408075379063068
0.9529355675989865
1.3565259509495255
0.9535174541223337
1.2899358807259094
0.9578432745597452
1.208261955964631
0.966511547062897
1.111643376593129
0.9799412402963841
1.0004826944152958
0.9983174080775286
0.8755230859121512
1.0215360010647854
0.7379138869007904
1.0491770752799987
0.5892519079191851
1.0804669722383016
0.43160049491694524
1.114274947000191
0.2674845966334667
1.1491206653451647
0.09985637460343678
1.1832024518657143
-0.06796714502572404
1.2144453400758446
-0.23239232355740794
1.2405681489382323
-0.389659331928139
1.2591677154206924
-0.5359695493646485
1.2678173499024044
-0.6676235952482832
1.2641756132854367
-0.7811628822494863
1.2461007020908177
-0.8735072375703192
1.211765125176568
-0.9420812449847542
1.1597650079828266
-0.984922505116067
1.0892182996745983
-1.0007647210921875
0.9998476411043946
-0.9890949772188556
0.8920343489699613
-0.9501829394392951
0.766865113638791
-0.885062368883073
0.626125715504843
-0.7954964648897762
0.4722827337940029
-0.683905811121356
0.30842727280256294
-0.5532713855467447
0.13819053670848475
-0.40701659608154545
-0.03436727901519465
-0.2488745752679044
-0.20489067788021945
-0.0827476244500818
-0.3688798084591977
0.08743405365679767
-0.5218523569830662
0.2578473627302179
-0.6595093928297177
0.42489865531963994
-0.7778978306673511
0.5853279261552358
-0.873562196654232
0.7362905872975795
-0.9436787805288511
0.8754139846106637
-0.9861660046995727
1.0008261272552756
-0.9997646710081723
1.111160846718601
-0.98408824746806
1.2055397002595654
-0.9396394792929958
1.283527114325125
-0.8677860894650431
1.345069669638924
-0.7707033083353813
1.3904260705721263
-0.6512874216664013
1.4200893966854133
-0.5130405882017813
1.4347085032251123
-0.35993359314666984
1.4350139406228897
-0.19625292598189217
1.4217531720680765
-0.02643919765622582
1.3956389902429724
0.1450758241150945
1.3573139322577432
0.31402639024511314
1.307332241272565
0.47645745142541157
1.2461596075213504
0.6288509328385867
1.1741896260747722
0.7682287595844279
1.0917747162948912
0.8922290715895211
0.9992694717831225
0.9991547246510851
0.897073783092341
1.0879847992565945
0.7856968911658695
1.1583755961599698
0.6657949692995279
1.210610564466943
0.5382203486979009
1.245545161004503
0.4040525679230519
1.2645252053600493
0.2646164540432964
1.269292277524807
0.12148353942778924
1.2618802348516283
-0.02354453207934431
1.2445082425613763
-0.16847075210020915
1.2194755004274032
-0.31115456970114774
1.1890623745571889
-0.4493785489955665
1.1554419498735844
-0.5809265924160504
1.120605159488183
-0.7036696227730521
1.0863016823650973
-0.8156540243909284
1.0539977942467889
-0.915187830224016
1.0248513713434746
-1.0009183875003553
0.9997045779741529
-1.0719006852581758
0.9790841384722846
-1.127650683390421
0.9632305715751464
-1.1681736299642056
0.9521228533737872
-1.1939716656435593
0.9455140839700358
-1.2060310036717516
0.9429746362543335
-1.205784796597567
0.9439362115277092
-1.1950542061865967
0.9477356841670657
-1.1759701291771105
0.9536567795560387
-1.1508790798186166
0.9609680996166935
-1.1222375950608532
0.9689565058287745
-1.092500164001977
0.9769553482872152
-1.0640060570433705
0.984367453565254
-1.0388705240679075
0.9906831238507556
-1.0188856421135433
0.9954936344937945
-1.005435633849214
0.9985008370494511
-0.9994320139625934
0.999524720379577
-1.0012631617464256
0.9985008370494513
-1.0107839476590024
0.9954936344937945
-1.0273153927551537
0.9906831238507554
-1.0496724744030805
0.984367453565254
-1.0762179481289043
0.9769553482872151
-1.104935758878757
0.9689565058287742
-1.1335218156652103
0.9609680996166937
-1.1594878774666137
0.9536567795560386
-1.180273726762239
0.9477356841670657
-1.1933624756509276
0.9439362115277092
-1.1963937697685028
0.9429746362543333
-1.187269826046254
0.945514083970036
-1.1642496482002562
0.9521228533737871
-1.1260273837872101
0.9632305715751464
-1.071791583956688
0.9790841384722846
-1.0012618203403345
0.9997045779741528
-0.9147053003494877
1.0248513713434746
-0.8129317686858627
1.0539977942467893
-0.6972608563722673
1.0863016823650975
-0.5694703111054488
1.120605159488183
-0.43172924050462497
1.1554419498735842
-0.28651580618033795
1.1890623745571887
-0.13652451061538504
1.219475500427403
0.01543268206530086
1.2445082425613763
0.1665270202934137
1.2618802348516283
0.3140111399427941
1.269292277524807
0.4553107184587289
1.2645252053600495
0.5881060354135789
1.2455451610045027
0.7104004629427111
1.210610564466943
0.8205736190001842
1.1583755961599698
0.9174177002790351
1.0879847992565943
1.000157567659804
0.9991547246510853
1.0684461154816713
0.8922290715895212
1.1223615244561294
0.768228759584428
1.1623652962967883
0.6288509328385867
1.1892659127784158
0.4764574514254116
1.2041650138839255
0.31402639024511314
1.208397580513802
0.14507582411509448
1.2034678855142422
-0.02643919765622586
1.190984191574366
-0.19625292598189223
1.1725950075403908
-0.35993359314666995
1.14992942205022
-0.5130405882017814
1.1245436384509322
-0.6512874216664013
1.097875365476173
-0.7707033083353813
1.0712072045399281
-0.8677860894650432
1.0456396479560297
-0.939639479292996
1.0220737930679131
-0.9840882474680601
1.001202173757118
-0.9997646710081725
0.9835108816646131
-0.9861660046995728
0.9692904293380792
-0.9436787805288513
0.9586474260417638
-0.873562196654232
0.9515223194537038
-0.7778978306673511
0.9477132710918976
-0.6595093928297178
0.9469008922155239
-0.5218523569830662
0.9486738743010837
-0.3688798084591977
0.952554502502024
-0.20489067788021945
0.9580232658996627
-0.03436727901519462
0.9645420135728653
0.13819053670848477
0.9715753286797087
0.30842727280256294
0.9786099842836166
0.4722827337940029
0.9851724887848984
0.626125715504843
0.9908448147509121
0.766865113638791
0.9952784277322826
0.8920343489699611
0.9982054538701945
0.9998476411043946
0.9994508998350715
1.0892182996745983
0.9989465092054531
1.1597650079828266
0.9967276200976521
1.211765125176568
0.9929435669239064
1.2461007020908175
0.9878575445527815
1.264175613285437
0.9818438497549615
1.2678173499024046
0.9753805300530691
1.2591677154206926
0.9690367542125206
1.240568148938232
0.9634543537254416
1.2144453400758444
0.959323213162163
1.183202451865714
0.9573505049951465
1.1491206653451644
0.9582241590510092
1.114274947000191
0.9625714078057135
1.0804669722383016
0.9709137289412904
1.0491770752799991
0.9836199829661008
1.0215360010647854
1.0008587409171388
0.9983174080775286
1.0225563229424413
0.9799412402963841
1.048361903661095
0.966511547062897
1.077615970940713
0.9578432745597452
1.1093316467867749
0.9535174541223337
1.142192946941874
0.9529355675989866
1.1745681855710297
0.955378125018331
1.2045412490252145
0.9600627879689138
1.2299614057190111
0.9661989376433912
1.2485113663798668
0.9730360596101159
1.2577922664132999
0.979903899153011
1.2554231644196026
0.9862429901158515
1.2391515994940938
0.9916248342488739
1.2069707899399715
0.9957616663243303
1.157238252290444
0.9985063459198624
1.0887900326683655
0.9998434387689425
1.0010456635364853
0.9998742039929073
0.8940890994658155
0.9987886443044194
0.7687455173815417
0.996852244253223
0.6266061517181492
0.9943666729177965
0.4700397069194297
0.9916490172444468
0.30216180008491117
0.9890055393356064
0.12676973021362387
0.9867099819429743
-0.0517582662604205
0.9849862597425488
-0.2285970669832225
0.9839962418023565
-0.3986380063001065
0.9838329497201623
-0.5566757808155314
0.984519128645922
-0.6976116726258191
0.9860108156266938
-0.8166646152681992
0.9882052483537437
-0.9095807661574641
0.9909522398277817
-0.9728318209893982
0.9940679981736056
-1.0037923540001752
0.997350298427466
-1.0008857738384922
1.000592673850834
-0.9636946869027387
1.0036005277617674
-0.8930275417467102
1.0062089938640015
-0.790930148313728
1.0082834783297239
-0.6606461619121902
1.0097333533260036
-0.506527861406823
1.0105150026630834
-0.33389563709220166
1.010632733609303
-0.1488522280110735
1.0101364291860966
0.04194120030331463
1.0091162454111802
0.23151804631599782
1.0076948205258756
0.41287764024085305
1.0060175902962234
0.5792631916721607
1.0042418906814057
0.724433974770312
1.002525574473161
0.8429194649128177
1.0010158720154898
0.930243806531205
0.9998391898020711
0.9831102432047127
0.9990924682254669
0.9995381609997888
0.9988378546996182
0.978937771101924
0.999092468225467
0.9221421120766642
0.9998391898020709
0.8313643336000639
1.0010158720154898
0.7101003921300222
1.002525574473161
0.5629809757990878
1.0042418906814055
0.39557580405875664
1.006017590296223
0.2141607821625914
1.0076948205258753
0.025458948592818147
1.0091162454111802
-0.16363270743543123
1.0101364291860964
-0.3463179580388407
1.010632733609303
-0.5161650953100718
1.010515002663083
-0.6673480015094956
1.0097333533260036
-0.7948541300776777
1.0082834783297239
-0.8946508413499211
1.0062089938640015
-0.9638037882042262
1.0036005277617672
-1.0005423409985128
1.0005926738508342
-1.0042748838747033
0.9973502984274659
-0.975554076694464
0.9940679981736056
-0.9159895325582487
0.9909522398277815
-0.8281208965788007
0.9882052483537438
-0.7152609811167606
0.9860108156266939
-0.5813145443363411
0.984519128645922
-0.4305842477849306
0.9838329497201622
-0.26757428112786763
0.9839962418023565
-0.09680174712604492
0.9849862597425489
0.07737504431412615
0.9867099819429743
0.2509036495492342
0.9890055393356065
0.42015402020375175
0.9916490172444468
0.5820006580749659
0.9943666729177965
0.733868789547227
0.9968522442532232
0.8737451822791213
0.9987886443044193
1.0001575676598038
0.9998742039929072
1.1121186334815854
0.9998434387689427
1.2090663539090867
0.9985063459198623
1.2907651011645334
0.9957616663243303
1.3572179279882428
0.991624834248874
1.4085720827934205
0.9862429901158513
1.4450336761424702
0.9799038991530108
1.4667966529337009
0.9730360596101157
1.4739911547675348
0.9661989376433912
1.4666547447099363
0.9600627879689136
1.4447281602062232
0.955378125018331
1.408075379063068
0.9529355675989865
1.3565259509495255
0.9535174541223337
1.2899358807259094
0.9578432745597452
1.208261955964631
0.966511547062897
1.111643376593129
0.9799412402963841
1.0004826944152958
0.9983174080775286
0.8755230859121512
1.0215360010647854
0.7379138869007904
1.0491770752799987
0.5892519079191851
1.0804669722383016
0.43160049491694524
1.114274947000191
0.2674845966334667
1.1491206653451647
0.09985637460343678
1.1832024518657143
-0.06796714502572404
1.2144453400758446
-0.23239232355740794
1.2405681489382323
-0.389659331928139
1.2591677154206924
-0.5359695493646485
1.2678173499024044
-0.6676235952482832
1.2641756132854367
-0.7811628822494863
1.2461007020908177
-0.8735072375703192
1.211765125176568
-0.9420812449847542
1.1597650079828266
-0.984922505116067
1.0892182996745983
-1.0007647210921875
0.9998476411043946
-0.9890949772188556
0.8920343489699613
-0.9501829394392951
0.766865113638791
-0.885062368883073
0.626125715504843
-0.7954964648897762
0.4722827337940029
-0.683905811121356
0.30842727280256294
-0.5532713855467447
0.13819053670848475
-0.40701659608154545
-0.03436727901519465
-0.2488745752679044
-0.20489067788021945
-0.0827476244500818
-0.3688798084591977
0.08743405365679767
-0.5218523569830662
0.2578473627302179
-0.6595093928297177
0.42489865531963994
-0.7778978306673511
0.5853279261552358
-0.873562196654232
0.7362905872975795
-0.9436787805288511
0.8754139846106637
-0.9861660046995727
1.0008261272552756
-0.9997646710081723
1.111160846718601
-0.98408824746806
1.2055397002595654
-0.9396394792929958
1.283527114325125
-0.8677860894650431
1.345069669638924
-0.7707033083353813
1.3904260705721263
-0.6512874216664013
1.4200893966854133
-0.5130405882017813
1.4347085032251123
-0.35993359314666984
1.4350139406228897
-0.19625292598189217
1.4217531720680765
-0.02643919765622582
1.3956389902429724
0.1450758241150945
1.3573139322577432
0.31402639024511314
1.307332241272565
0.47645745142541157
1.2461596075213504
0.6288509328385867
1.1741896260747722
0.7682287595844279
1.0917747162948912
0.8922290715895211
0.9992694717831225
0.9991547246510851
0.897073783092341
1.0879847992565945
0.7856968911658695
1.1583755961599698
0.6657949692995279
1.210610564466943
0.5382203486979009
1.245545161004503
0.4040525679230519
1.2645252053600493
0.2646164540432964
1.269292277524807
0.12148353942778924
1.2618802348516283
-0.02354453207934431
1.2445082425613763
-0.16847075210020915
1.2194755004274032
-0.31115456970114774
1.1890623745571889
-0.4493785489955665
1.1554419498735844
-0.5809265924160504
1.120605159488183
-0.7036696227730521
1.0863016823650973
-0.8156540243909284
1.0539977942467889
-0.915187830224016
1.0248513713434746
-1.0009183875003553
0.9997045779741529
-1.0719006852581758
0.9790841384722846
-1.127650683390421
0.9632305715751464
-1.1681736299642056
0.9521228533737872
-1.1939716656435593
0.9455140839700358
-1.2060310036717516
0.9429746362543335
-1.205784796597567
0.9439362115277092
-1.1950542061865967
0.9477356841670657
-1.1759701291771105
0.9536567795560387
-1.1508790798186166
0.9609680996166935
-1.1222375950608532
0.9689565058287745
-1.092500164001977
0.9769553482872152
-1.0640060570433705
0.984367453565254
-1.0388705240679075
0.9906831238507556
-1.0188856421135433
0.9954936344937945
-1.005435633849214
0.9985008370494511
-0.9994320139625934
0.999524720379577
-1.0012631617464256
0.9985008370494513
-1.0107839476590024
0.9954936344937945
-1.0273153927551537
0.9906831238507554
-1.0496724744030805
0.984367453565254
-1.0762179481289043
0.9769553482872151
-1.104935758878757
0.9689565058287742
-1.1335218156652103
0.9609680996166937
-1.1594878774666137
0.9536567795560386
-1.180273726762239
0.9477356841670657
-1.1933624756509276
0.9439362115277092
-1.1963937697685028
0.9429746362543333
-1.187269826046254
0.945514083970036
-1.1642496482002562
0.9521228533737871
-1.1260273837872101
0.9632305715751464
-1.071791583956688
0.9790841384722846
-1.0012618203403345
0.9997045779741528
-0.9147053003494877
1.0248513713434746
-0.8129317686858627
1.0539977942467893
-0.6972608563722673
1.0863016823650975
-0.5694703111054488
1.120605159488183
-0.43172924050462497
1.1554419498735842
-0.28651580618033795
1.1890623745571887
-0.13652451061538504
1.219475500427403
0.01543268206530086
1.2445082425613763
0.1665270202934137
1.2618802348516283
0.3140111399427941
1.269292277524807
0.4553107184587289
1.2645252053600495
0.5881060354135789
1.2455451610045027
0.7104004629427111
1.210610564466943
0.8205736190001842
1.1583755961599698
0.9174177002790351
1.0879847992565943
1.000157567659804
0.9991547246510853
1.0684461154816713
0.8922290715895212
1.1223615244561294
0.768228759584428
1.1623652962967883
0.6288509328385867
1.1892659127784158
0.4764574514254116
1.2041650138839255
0.31402639024511314
1.208397580513802
0.14507582411509448
1.2034678855142422
-0.02643919765622586
1.190984191574366
-0.19625292598189223
1.1725950075403908
-0.35993359314666995
1.14992942205022
-0.5130405882017814
1.1245436384509322
-0.6512874216664013
1.097875365476173
-0.7707033083353813
1.0712072045399281
-0.8677860894650432
1.0456396479560297
-0.939639479292996
1.0220737930679131
-0.9840882474680601
1.001202173757118
-0.9997646710081725
0.9835108816646131
-0.9861660046995728
0.9692904293380792
-0.9436787805288513
0.9586474260417638
-0.873562196654232
0.9515223194537038
-0.7778978306673511
0.9477132710918976
-0.6595093928297178
0.9469008922155239
-0.5218523569830662
0.9486738743010837
-0.3688798084591977
0.952554502502024
-0.20489067788021945
0.9580232658996627
-0.03436727901519462
0.9645420135728653
0.13819053670848477
0.9715753286797087
0.30842727280256294
0.9786099842836166
0.4722827337940029
0.9851724887848984
0.626125715504843
0.9908448147509121
0.766865113638791
0.9952784277322826
0.8920343489699611
0.9982054538701945
0.9998476411043946
0.9994508998350715
1.0892182996745983
0.9989465092054531
1.1597650079828266
0.9967276200976521
1.211765125176568
0.9929435669239064
1.2461007020908175
0.9878575445527815
1.264175613285437
0.9818438497549615
1.2678173499024046
0.9753805300530691
1.2591677154206926
0.9690367542125206
1.240568148938232
0.9634543537254416
1.2144453400758444
0.959323213162163
1.183202451865714
0.9573505049951465
1.1491206653451644
0.9582241590510092
1.114274947000191
0.9625714078057135
1.0804669722383016
0.9709137289412904
1.0491770752799991
0.9836199829661008
1.0215360010647854
1.0008587409171388
0.9983174080775286
1.0225563229424413
0.9799412402963841
1.048361903661095
0.966511547062897
1.077615970940713
0.9578432745597452
1.1093316467867749
0.9535174541223337
1.142192946941874
0.9529355675989866
1.1745681855710297
0.955378125018331
1.2045412490252145
0.9600627879689138
1.2299614057190111
0.9661989376433912
1.2485113663798668
0.9730360596101159
1.2577922664132999
0.979903899153011
1.2554231644196026
0.9862429901158515
1.2391515994940938
0.9916248342488739
1.2069707899399715
0.9957616663243303
1.157238252290444
0.9985063459198624
1.0887900326683655
0.9998434387689425
1.0010456635364853
0.9998742039929073
0.8940890994658155
0.9987886443044194
0.7687455173815417
0.996852244253223
0.6266061517181492
0.9943666729177965
0.4700397069194297
0.9916490172444468
0.30216180008491117
0.9890055393356064
0.12676973021362387
0.9867099819429743
-0.0517582662604205
0.9849862597425488
-0.2285970669832225
0.9839962418023565
-0.3986380063001065
0.9838329497201623
-0.5566757808155314
0.984519128645922
-0.6976116726258191
0.9860108156266938
-0.8166646152681992
0.9882052483537437
-0.9095807661574641
0.9909522398277817
-0.9728318209893982
0.9940679981736056
-1.0037923540001752
0.997350298427466
-1.0008857738384922
1.000592673850834
-0.9636946869027387
1.0036005277617674
-0.8930275417467102
1.0062089938640015
-0.790930148313728
1.0082834783297239
-0.6606461619121902
1.0097333533260036
-0.506527861406823
1.0105150026630834
-0.33389563709220166
1.010632733609303
-0.1488522280110735
1.0101364291860966
0.04194120030331463
1.0091162454111802
0.23151804631599782
1.0076948205258756
0.41287764024085305
1.0060175902962234
0.5792631916721607
1.0042418906814057
0.724433974770312
1.002525574473161
0.8429194649128177
1.0010158720154898
0.930243806531205
0.9998391898020711
0.9831102432047127
0.9990924682254669
0.9995381609997888
0.9988378546996182
0.978937771101924
0.999092468225467
0.9221421120766642
0.9998391898020709
0.8313643336000639
1.0010158720154898
0.7101003921300222
1.002525574473161
0.5629809757990878
1.0042418906814055
0.39557580405875664
1.006017590296223
0.2141607821625914
1.0076948205258753
0.025458948592818147
1.0091162454111802
-0.16363270743543123
1.0101364291860964
-0.3463179580388407
1.010632733609303
-0.5161650953100718
1.010515002663083
-0.6673480015094956
1.0097333533260036
-0.7948541300776777
1.0082834783297239
-0.8946508413499211
1.0062089938640015
-0.9638037882042262
1.0036005277617672
-1.0005423409985128
1.0005926738508342
-1.0042748838747033
0.9973502984274659
-0.975554076694464
0.9940679981736056
-0.9159895325582487
0.9909522398277815
-0.8281208965788007
0.9882052483537438
-0.7152609811167606
0.9860108156266939
-0.5813145443363411
0.984519128645922
-0.4305842477849306
0.9838329497201622
-0.26757428112786763
0.9839962418023565
-0.09680174712604492
0.9849862597425489
0.07737504431412615
0.9867099819429743
0.2509036495492342
0.9890055393356065
0.42015402020375175
0.9916490172444468
0.5820006580749659
0.9943666729177965
0.733868789547227
0.9968522442532232
0.8737451822791213
0.9987886443044193
1.0001575676598038
0.9998742039929072
1.1121186334815854
0.9998434387689427
1.2090663539090867
0.9985063459198623
1.2907651011645334
0.9957616663243303
1.3572179279882428
0.991624834248874
1.4085720827934205
0.9862429901158513
1.4450336761424702
0.9799038991530108
1.4667966529337009
0.9730360596101157
1.4739911547675348
0.9661989376433912
1.4666547447099363
0.9600627879689136
1.4447281602062232
0.955378125018331
1.408075379063068
0.9529355675989865
1.3565259509495255
0.9535174541223337
1.2899358807259094
0.9578432745597452
1.208261955964631
0.966511547062897
1.111643376593129
0.9799412402963841
1.0004826944152958
0.9983174080775286
0.8755230859121512
1.0215360010647854
0.7379138869007904
1.0491770752799987
0.5892519079191851
1.0804669722383016
0.43160049491694524
1.114274947000191
0.2674845966334667
1.1491206653451647
0.09985637460343678
1.1832024518657143
-0.06796714502572404
1.2144453400758446
-0.23239232355740794
1.2405681489382323
-0.389659331928139
1.2591677154206924
-0.5359695493646485
1.2678173499024044
-0.6676235952482832
1.2641756132854367
-0.7811628822494863
1.2461007020908177
-0.8735072375703192
1.211765125176568
-0.9420812449847542
1.1597650079828266
-0.984922505116067
1.0892182996745983
-1.0007647210921875
0.9998476411043946
-0.9890949772188556
0.8920343489699613
-0.9501829394392951
0.766865113638791
-0.885062368883073
0.626125715504843
-0.7954964648897762
0.4722827337940029
-0.683905811121356
0.30842727280256294
-0.5532713855467447
0.13819053670848475
-0.40701659608154545
-0.03436727901519465
-0.2488745752679044
-0.20489067788021945
-0.0827476244500818
-0.3688798084591977
0.08743405365679767
-0.5218523569830662
0.2578473627302179
-0.6595093928297177
0.42489865531963994
-0.7778978306673511
0.5853279261552358
-0.873562196654232
0.7362905872975795
-0.9436787805288511
0.8754139846106637
-0.9861660046995727
1.0008261272552756
-0.9997646710081723
1.111160846718601
-0.98408824746806
1.2055397002595654
-0.9396394792929958
1.283527114325125
-0.8677860894650431
1.345069669638924
-0.7707033083353813
1.3904260705721263
-0.6512874216664013
1.4200893966854133
-0.5130405882017813
1.4347085032251123
-0.35993359314666984
1.4350139406228897
-0.19625292598189217
1.4217531720680765
-0.02643919765622582
1.3956389902429724
0.1450758241150945
1.3573139322577432
0.31402639024511314
1.307332241272565
0.47645745142541157
1.2461596075213504
0.6288509328385867
1.1741896260747722
0.7682287595844279
1.0917747162948912
0.8922290715895211
0.9992694717831225
0.9991547246510851
0.897073783092341
1.0879847992565945
0.7856968911658695
1.1583755961599698
0.6657949692995279
1.210610564466943
0.5382203486979009
1.245545161004503
0.4040525679230519
1.2645252053600493
0.2646164540432964
1.269292277524807
0.12148353942778924
1.2618802348516283
-0.02354453207934431
1.2445082425613763
-0.16847075210020915
1.2194755004274032
-0.31115456970114774
1.1890623745571889
-0.4493785489955665
1.1554419498735844
-0.5809265924160504
1.120605159488183
-0.7036696227730521
1.0863016823650973
-0.8156540243909284
1.0539977942467889
-0.915187830224016
1.0248513713434746
-1.0009183875003553
0.9997045779741529
-1.0719006852581758
0.9790841384722846
-1.127650683390421
0.9632305715751464
-1.1681736299642056
0.9521228533737872
-1.1939716656435593
0.9455140839700358
-1.2060310036717516
0.9429746362543335
-1.205784796597567
0.9439362115277092
-1.1950542061865967
0.9477356841670657
-1.1759701291771105
0.9536567795560387
-1.1508790798186166
0.9609680996166935
-1.1222375950608532
0.9689565058287745
-1.092500164001977
0.9769553482872152
-1.0640060570433705
0.984367453565254
-1.0388705240679075
0.9906831238507556
-1.0188856421135433
0.9954936344937945
-1.005435633849214
0.9985008370494511
-0.9994320139625934
0.999524720379577
-1.0012631617464256
0.9985008370494513
-1.0107839476590024
0.9954936344937945
-1.0273153927551537
0.9906831238507554
-1.0496724744030805
0.984367453565254
-1.0762179481289043
0.9769553482872151
-1.104935758878757
0.9689565058287742
-1.1335218156652103
0.9609680996166937
-1.1594878774666137
0.9536567795560386
-1.180273726762239
0.9477356841670657
-1.1933624756509276
0.9439362115277092
-1.1963937697685028
0.9429746362543333
-1.187269826046254
0.945514083970036
-1.1642496482002562
0.9521228533737871
-1.1260273837872101
0.9632305715751464
-1.071791583956688
0.9790841384722846
-1.0012618203403345
0.9997045779741528
-0.9147053003494877
1.0248513713434746
-0.8129317686858627
1.0539977942467893
-0.6972608563722673
1.0863016823650975
-0.5694703111054488
1.120605159488183
-0.43172924050462497
1.1554419498735842
-0.28651580618033795
1.1890623745571887
-0.13652451061538504
1.219475500427403
0.01543268206530086
1.2445082425613763
0.1665270202934137
1.2618802348516283
0.3140111399427941
1.269292277524807
0.4553107184587289
1.2645252053600495
0.5881060354135789
1.2455451610045027
0.7104004629427111
1.210610564466943
0.8205736190001842
1.1583755961599698
0.9174177002790351
1.0879847992565943
1.000157567659804
0.9991547246510853
1.0684461154816713
0.8922290715895212
1.1223615244561294
0.768228759584428
1.1623652962967883
0.6288509328385867
1.1892659127784158
0.4764574514254116
1.2041650138839255
0.31402639024511314
1.208397580513802
0.14507582411509448
1.2034678855142422
-0.02643919765622586
1.190984191574366
-0.19625292598189223
1.1725950075403908
-0.35993359314666995
1.14992942205022
-0.5130405882017814
1.1245436384509322
-0.6512874216664013
1.097875365476173
-0.7707033083353813
1.0712072045399281
-0.8677860894650432
1.0456396479560297
-0.939639479292996
1.0220737930679131
-0.9840882474680601
1.001202173757118
-0.9997646710081725
0.9835108816646131
-0.9861660046995728
0.9692904293380792
-0.9436787805288513
0.9586474260417638
-0.873562196654232
0.9515223194537038
-0.7778978306673511
0.9477132710918976
-0.6595093928297178
0.9469008922155239
-0.5218523569830662
0.9486738743010837
-0.3688798084591977
0.952554502502024
-0.20489067788021945
0.9580232658996627
-0.03436727901519462
0.9645420135728653
0.13819053670848477
0.9715753286797087
0.30842727280256294
0.9786099842836166
0.4722827337940029
0.9851724887848984
0.626125715504843
0.9908448147509121
0.766865113638791
0.9952784277322826
0.8920343489699611
0.9982054538701945
0.9998476411043946
0.9994508998350715
1.0892182996745983
0.9989465092054531
1.1597650079828266
0.9967276200976521
1.211765125176568
0.9929435669239064
1.2461007020908175
0.9878575445527815
1.264175613285437
0.9818438497549615
1.2678173499024046
0.9753805300530691
1.2591677154206926
0.9690367542125206
1.240568148938232
0.9634543537254416
1.2144453400758444
0.959323213162163
1.183202451865714
0.9573505049951465
1.1491206653451644
0.9582241590510092
1.114274947000191
0.9625714078057135
1.0804669722383016
0.9709137289412904
1.0491770752799991
0.9836199829661008
1.0215360010647854
1.0008587409171388
0.9983174080775286
1.0225563229424413
0.9799412402963841
1.048361903661095
0.966511547062897
1.077615970940713
0.9578432745597452
1.1093316467867749
0.9535174541223337
1.142192946941874
0.9529355675989866
1.1745681855710297
0.955378125018331
1.2045412490252145
0.9600627879689138
1.2299614057190111
0.9661989376433912
1.2485113663798668
0.9730360596101159
1.2577922664132999
0.979903899153011
1.2554231644196026
0.9862429901158515
1.2391515994940938
0.9916248342488739
1.2069707899399715
0.9957616663243303
1.157238252290444
0.9985063459198624
1.0887900326683655
0.9998434387689425
1.0010456635364853
0.9998742039929073
0.8940890994658155
0.9987886443044194
0.7687455173815417
0.996852244253223
0.6266061517181492
0.9943666729177965
0.4700397069194297
0.9916490172444468
0.30216180008491117
0.9890055393356064
0.12676973021362387
0.9867099819429743
-0.0517582662604205
0.9849862597425488
-0.2285970669832225
0.9839962418023565
-0.3986380063001065
0.9838329497201623
-0.5566757808155314
0.984519128645922
-0.6976116726258191
0.9860108156266938
-0.8166646152681992
0.9882052483537437
-0.9095807661574641
0.9909522398277817
-0.9728318209893982
0.9940679981736056
-1.0037923540001752
0.997350298427466
-1.0008857738384922
1.000592673850834
-0.9636946869027387
1.0036005277617674
-0.8930275417467102
1.0062089938640015
-0.790930148313728
1.0082834783297239
-0.6606461619121902
1.0097333533260036
-0.506527861406823
1.0105150026630834
-0.33389563709220166
1.010632733609303
-0.1488522280110735
1.0101364291860966
0.04194120030331463
1.0091162454111802
0.23151804631599782
1.0076948205258756
0.41287764024085305
1.0060175902962234
0.5792631916721607
1.0042418906814057
0.724433974770312
1.002525574473161
0.8429194649128177
1.0010158720154898
0.930243806531205
0.9998391898020711
0.9831102432047127
0.9990924682254669
0.9995381609997888
0.9988378546996182
0.978937771101924
0.999092468225467
0.9221421120766642
0.9998391898020709
0.8313643336000639
1.0010158720154898
0.7101003921300222
1.002525574473161
0.5629809757990878
1.0042418906814055
0.39557580405875664
1.006017590296223
0.2141607821625914
1.0076948205258753
0.025458948592818147
1.0091162454111802
-0.16363270743543123
1.0101364291860964
-0.3463179580388407
1.010632733609303
-0.5161650953100718
1.010515002663083
-0.6673480015094956
1.0097333533260036
-0.7948541300776777
1.0082834783297239
-0.8946508413499211
1.0062089938640015
-0.9638037882042262
1.0036005277617672
-1.0005435797514683
1.0005914350978786
-1.004277284347808
0.9973478979543611
-0.9755573459032449
0.9940647289648247
-0.915993182925179
0.9909485894608512
-0.8281242946015502
0.9882018503309943
-0.7152634194597317
0.9860083772837227
-0.5813153304792583
0.984518342503005
-0.43058279995260257
0.9838343975524902
-0.26757022068078695
0.984000302249437
-0.09679497613381133
0.9849930307347825
0.07738429084410037
0.9867192284729487
0.2509147853539791
0.9890166751403513
0.4201661288754303
0.9916611259161254
0.5820125552259531
0.9943785700687836
0.7338791232700482
0.9968625779760445
0.8737525646865386
0.9987960267118365
1.000159487474173
0.9998761238072762
1.1121141672239927
0.9998389725113502
1.209055211562521
0.9984952035732967
1.2907477222850272
0.9957442874448239
1.3571955069159911
0.9916024131766221
1.4085465143326872
0.986217421655118
1.4450074206736288
0.9798776436841696
1.4667725281793296
0.9730119348557443
1.4739720695770966
0.966179852452953
1.4666433974338533
0.9600514406928309
1.4447267297163933
0.955376694528501
1.4080852395742816
0.9529454281102
1.3565474420228865
0.9535389451956945
1.2899681609549731
0.9578755547888087
1.2083029629059987
0.966552554004265
1.1116899068534303
0.9799877705566856
1.0005318458330625
0.9983640819893841
0.875570021052706
1.0215781352591304
0.7379533447317134
1.0492099946933602
0.589278698975855
1.0804864625611108
0.431610045011009
1.1142777010487561
0.2674734887731243
1.1491046807988798
0.09982283407905698
1.1831673390555004
-0.06802287711946016
1.2143925036467647
-0.23246777734194013
1.2405008160478614
-0.38974979419503486
1.2590907951382637
-0.5360682695424128
1.2677371227845886
-0.6677222145431039
1.2640992656001058
-0.78125206714942
1.246035734534241
-0.8735774772526499
1.2117186797962116
-0.9421237523852032
1.1597431680280204
-0.9849301455461291
1.0892254240593704
-1.0007341209223608
0.9998845584088706
-0.9890246914352743
0.8921005031845676
-0.9500750417947816
0.7669572650077351
-0.884922661403843
0.626237965958921
-0.7953343635142319
0.472406789070542
-0.6837338825034374
0.30855294118495735
-0.5531045395599871
0.1383064440433942
-0.40687097061851785
-0.034272798725565976
-0.248766181871474
-0.20482857575882682
-0.08269085223418432
-0.368859272779933
0.08742795533313306
-0.521879809346339
0.25777168790616733
-0.6595876182408307
0.42475239263666387
-0.7780253285469625
0.5851165270161454
-0.8737328296371694
0.7360262409004057
-0.9438817804889312
0.8751153220171018
-0.9863863715873659
1.0005185576112845
-0.9999852099631011
1.1108725073400878
-0.9842881868889081
1.2053005349383479
-0.9397970595119213
1.2833664658969681
-0.8678803002224297
1.345013658373076
-0.7707157654050943
1.390494957321678
-0.6512042437738947
1.420295149917129
-0.5128541219386448
1.435052792690789
-0.3596438313657544
1.4354867658125317
-0.19586847529795426
1.422332300355438
-0.02597767339708909
1.3962903289794348
0.14558806265553328
1.357992893722726
0.31455520692649563
1.3079860835231565
0.47696259375948546
1.246730653186768
0.6292883215871389
1.1746191812582227
0.7685532884211721
1.0920074396321884
0.8923977479905941
0.9992566471596459
0.9991287039474984
0.8967801827350741
1.0877351073708752
0.7851034234524453
1.157884846082142
0.6649015014274999
1.2098751598323005
0.53704729996088
1.244576668624425
0.4026410509104259
1.2633507339692576
0.2630268399844957
1.2679537651044048
0.11979244039394712
1.2604326240818047
-0.025248745410955876
1.2430166079782539
-0.17009365237158255
1.2180112755427834
-0.31260223379960816
1.1876989059282064
-0.45056452152945403
1.154249671301071
-0.581778728900457
1.1196467271610713
-0.7041362601764937
1.0856274359126463
-0.8157089391591509
1.053641905905113
-0.9148335004449442
1.0248290142831844
-1.0001884139968718
1.0000091471537997
-1.070856093023415
0.9796897443400112
-1.1263774718314763
0.9640924434782061
-1.1667769460627198
0.953180353256975
-1.1925680043488325
0.9466950708138924
-1.2047389123759231
0.9442009143992837
-1.2047147152920255
0.9451296960069596
-1.1942981914834612
0.9488248385033577
-1.175592276865768
0.9545828335926061
-1.1509074681411895
0.9616905424411734
-1.1226585145235826
0.9694573749174962
-1.0932552790071977
0.9772419010738954
-1.0649929646130725
0.9844729091630474
-1.0399469450717258
0.9906652950910765
-1.0198772149009925
0.9954314255076447
-1.0061469969823114
0.9984887487430277
-0.999659345714977
0.9996644344092069
-1.0008123593505611
0.9988953736098861
-1.0094859404135847
0.9962372275150116
-1.0250421202891722
0.991852228090902
-1.0463511611221212
0.9860125026359338
-1.0718424453350361
0.9790939816859012
-1.0995738567067797
0.9715689186380866
-1.1273176513076986
0.9639950479748007
-1.1526588738748145
0.9570006035314058
-1.1731018697616702
0.9512644967879764
-1.1861801536209742
0.9474911617878553
-1.1895648302404451
0.9463799014325252
-1.1811669162259197
0.9485890011652877
-1.1592292690384585
0.9546953812303905
-1.122404368752581
0.9651510996880295
-1.0698148869056587
0.980238550870291
-1.0010947795105536
1.000026680692152
-0.9164071762761304
1.0243285730300498
-0.81644958951213
1.0526765463485497
-0.702428041126725
1.0842872279320799
-0.5760138774365635
1.1180562768589257
-0.4392856988501194
1.1525606260702168
-0.2946551894374778
1.1860787365897942
-0.14478132472662766
1.2166287386729102
0.00752342748186869
1.2420246501732146
0.1593910821748853
1.2599498307899417
0.3079964013864337
1.268045749111721
0.45065166142746105
1.2640130730356083
0.5848943826281352
1.2457211119562468
0.7085648564206095
1.211320808647543
0.8198707894106453
1.1593558618665838
0.9174369553351884
1.0888662092891481
1.0003383783115667
0.9994780525658218
1.0681138968946033
0.891472541930977
1.1207731904671727
0.7658413979094052
1.1587672877456767
0.6242949406766642
1.1829605542492097
0.4692565430697623
1.1945812806208047
0.3038174969872882
1.1951616722816483
0.13166103914508923
1.1864685742116583
-0.043043944192676244
1.1704277820465998
-0.21577617029100643
1.1490449565754997
-0.3818173122822695
1.1243262088791477
-0.5364232925852108
1.0982013588282116
-0.6750043328199182
1.0724526954263807
-0.7933058865758673
1.0486517921850989
-0.8875822763643064
1.028106566341687
-0.9547549612955561
1.0118203321932104
-0.9925478813134575
1.0004641034381692
-0.9995932381113802
0.994360524873212
-0.9754999994337827
0.9934906059969733
-0.9208923166084695
0.9975040567179946
-0.8373969946323441
1.0057448203383095
-0.7275923706569332
1.0172908049791018
-0.5949207663045023
1.0310020932688253
-0.44356422556838304
1.0455767346312699
-0.2782900943611773
1.0596117312568083
-0.10427317650723723
1.071666672582915
0.07309771361054064
1.0803274203780235
0.2484202835474909
1.0842672984298565
0.41647758603582674
1.082303394240773
0.5724264957578298
1.0734458277134125
0.711967781386495
1.056938172357242
0.8314906812623643
1.032287613401396
0.9281861910663344
0.9992838768705113
1.0001248338039603
0.9580041031233348
1.0462940805858931
0.9088168852799829
1.0666079712440535
0.8523554519520822
1.0618595772600434
0.789497780493744
1.0336560192615483
0.7213303931490769
0.9843158426225258
0.6491061214147251
0.9167430181135674
0.5741965264472344
0.8342829286548761
0.49804106643347124
0.7405675295771668
0.4220951717904461
0.6393570812278773
0.34777936383735064
0.5343856900626273
0.2764314357799329
0.4292173795207005
0.20926351419441377
0.3271185850942289
0.14732554611819249
0.2309518844582446
0.09147642584526389
0.14309450043352367
0.042363603394664925
0.06538372657164179
0.0004116216258737587
-0.0009099999188563923
-0.034180370102506505
-0.05508303886447875
-0.06143356907129536
-0.09697233127721819
-0.08157178766554934
-0.12691190831934415
-0.09500421224147095
-0.1456638688144662
-0.10229741623964522
-0.15434085434299277
-0.10414432339959148
-0.1543186502137485
-0.10133041590218694
-0.14714512187968265
-0.09469875479012327
-0.13445026412989347
-0.08511534094363718
-0.11786170855121081
-0.0734362383223319
-0.09892940317894112
-0.060477715512856266
-0.0790623945048326
-0.0469904477296319
-0.059479759355900386
-0.03363857202682171
-0.04117680820437404
-0.02098411744009647
-0.024906766798651524
-0.009477053303224021
-0.01117729006491139
0.0005490730723252498
-0.0002604146319298575
0.008876191008136814
0.0077860512873334925
0.015397063950421185
0.013089251851864526
0.0201017953457803
0.01592099077621265
0.023068485195295623
0.01666139837694479
0.024446467549103592
0.015756793561202513
0.024439347287418388
0.013680493940498736
0.023287533426029332
0.010897460263280059
0.02125114813946359
0.007834449245551588
0.018594094629777187
0.004856839464544354
0.015569939258686912
0.002252762814026651
0.012410112782936362
0.0002246535462540767
0.009314771490284288
-0.0011121507945836464
0.006446491020142086
-0.0017245312223437518
0.003926802743253891
-0.0016515272035910063
0.0018354329647850296
-0.0009904095087451257
0.00021197583560566392
0.00011968551050397205
-0.0009403729226788229
0.001515122267240162
-0.0016483624803537388
0.0030258874829028463
-0.001965846324789652
0.00448744090614334
-0.001962880492813634
0.005757519703180425
-0.001719729449922859
0.006724734910912289
-0.0013199546092472775
0.007314843656377997
-0.0008442051426946647
0.007493365133449249
-0.0003650109973413784
0.007264720096562523
5.7213073005875646e-05
0.006668308960067942
0.00037683874701737884
0.005772128261504086
0.0005643501143528938
0.004664650761257907
0.0006063897719720894
0.003445757029397642
0.0005046645181141483
0.00221750685564362
0.00027390891586167595
0.0010754822765470296
-6.085384670369455e-05
0.00010132907607606864
-0.0004674919488838813
-0.0006430183774731458
-0.0009101201164635108
-0.0011191100754379083
-0.0013534843221307846
-0.001312501956187598
-0.0017623108176263859
-0.0012358981690851847
-0.0021076146738260573
-0.0009229240020849202
-0.0023673528378540063
-0.0004253308503146936
-0.00252761219960883
0.00019221823521052865
-0.002583069550471791
0.000858064781754028
-0.0025367522266151955
0.0014996741581732372
-0.0023991752875332584
0.002049477518780078
-0.0021869693453568802
0.002450008704159256
-0.0019211406922065202
0.0026579889868559546
-0.0016251210656023337
0.002647113331689749
-0.0013227679959069705
0.0024094040616535186
-0.0010364687659367077
0.0019551125229955
-0.0007854828869463622
0.0013112580002473126
-0.0005846315682256441
0.0005189882309265197
-0.0004434102839972939
-0.0003699786163033249
-0.00036445837965291264
-0.0012986253706911647
-0.0003472315081702327
-0.0022054416423272273
-0.00038466870037318063
-0.003032604920163942
-0.000465275218395898
-0.003728743294472036
-0.0005742668752156538
-0.0042522834275639885
-0.0006949134504173454
-0.004573941111991678
-0.0008099706879433787
-0.004678224570687715
-0.0009030894216907567
-0.00456389943777012
-0.0009600975235973573
-0.004243441846328166
-0.0009700646942190125
-0.003741576711547373
-0.0009260802452795843
-0.003093057464585612
-0.0008256982411711938
-0.002339887637699748
-0.0006710307476094789
-0.0015282116208640921
-0.0004684964923044252
-0.0007051107974691221
-0.00022825706478422342
8.446732303701453e-05
3.660582983493672e-05
0.000800443638022594
0.000312208432063388
0.0014109459353248578
0.0005813556917383526
0.0018902899154302644
0.0008284972139582905
0.0022237127544816582
0.0010395832018509359
0.0024063627575042768
0.001203014393350722
0.002442850436405422
0.0013103843197618426
0.0023462020443634412
0.001356968802380597
0.0021363317082128018
0.001341937911663382
0.001838173752397183
0.001268286799974837
0.0014796302768565026
0.0011425022982227764
0.0010894904110164425
0.0009740004772075604
0.0006954676875731493
0.0007743852802609844
0.0003224822117134335
0.0005565889045500584
-8.713097911419328e-06
0.00033396027440926355
-0.0002824953851893982
0.00011936852729780045
-0.0004888918152224951
-7.561588046980099e-05
-0.0006236589462037803
-0.00024251495400818337
-0.0006868488472915031
-0.0003728282904249322
-0.0006857639537144597
-0.0004621601873519416
-0.0006302029801432792
-0.0005090956589552957
-0.0005325721329459564
-0.0005150995200984976
-0.00040668903135261
-0.0004842188113023645
-0.0002666123357498825
-0.0004226210648142668
-0.00012558066041089673
-0.0003380112896583441
4.871656501970856e-06
-0.00023897720081875296
0.00011557402710999452
-0.0001343148139729924
0.00020012796485152697
-3.238507479071491e-05
0.00025505952566144566
5.945299837394676e-05
0.00027973101992407863
0.00013529552579408675
0.00027604413009128283
0.0001910069056633595
0.0002479794613706488
0.00022437858366689572
0.00020102574016950755
0.00023513170262760624
0.0001415551367344744
0.00022366740572250554
7.730616773125886e-05
0.00019442728491173488
1.3181764097681054e-05
0.00015171522296842082
-4.541938026370819e-05
0.00010049702060258315
-9.419098197663596e-05
4.5945423221191174e-05
-0.00013014089269916193
-6.9936947975189035e-06
-0.0001516816919565391
-5.398122723129243e-05
-0.0001585975212579814
-9.158462497262318e-05
-0.00015190363904598567
-0.00011747962074346052
-0.00013362201765482505
-0.00013054506833665857
-0.00010650055349727694
-0.0001308513220378599
-7.370503490537237e-05
-0.00011955118793856716
-3.851204944696313e-05
-9.868978650603275e-05
-4.027849090371152e-06
-7.095516081598716e-05
2.704668926841374e-05
-3.939481038684867e-05
5.259089049701211e-05
-7.1243847722802605e-06
7.117132099642142e-05
2.183995480645485e-05
8.318639190004609e-05
4.64453803563395e-05
8.721153650928883e-05
6.496755657656872e-05
8.373235994132153e-05
7.634768533123346e-05
7.379709826879165e-05
8.022711781583414e-05
5.887307820766134e-05
7.692028242874599e-05
4.068374579595389e-05
6.733289037085316e-05
2.104161533312811e-05
5.283642908006271e-05
1.6912556811796435e-06
3.511281021378192e-05
-1.5825841634459572e-05
1.5984546284656703e-05
-3.027568923950081e-05
-2.7540485649625668e-06
-4.080014757006061e-05
-1.949032280923709e-05
-4.6947347961261526e-05
-3.291941336118709e-05
-4.866568893061939e-05
-4.213419434498439e-05
-4.626576331998423e-05
-4.667391185550407e-05
-4.035677720640334e-05
-4.65302603015985e-05
-3.1765445467103165e-05
-4.1006941367982054e-05
-2.0339495725609196e-05
-3.228022906358104e-05
-8.485927089368285e-06
-2.14910733609361e-05
2.726269996183285e-06
-9.860511213577592e-06
1.2411098276019411e-05
1.4304898298719958e-06
1.9923549778300815e-05
1.1347276082815971e-05
2.4889260549976138e-05
1.9085190438185604e-05
2.720608459953945e-05
2.4124754371411497e-05
2.7020419027471567e-05
2.6255468841110204e-05
2.4683183007131294e-05
2.5568460733213147e-05
2.069177479094437e-05
2.242107225191511e-05
1.5625026753182938e-05
1.737887950628857e-05
1.0078145645735868e-05
1.1142346565679928e-05
4.603929003752373e-06
4.466257592357988e-06
-3.346886173581459e-07
-1.919814369062016e-06
-4.397320280038709e-06
-7.3824074172476715e-06
-7.3824074172476715e-06
-1.033372282118643e-05
-1.033372282118643e-05
-1.1897150987106378e-05
-1.1897150987106378e-05
-1.2108671678559692e-05
-1.2108671678559692e-05
-1.1135804744798502e-05
-1.1135804744798502e-05
-9.246529974214409e-06
-9.246529974214409e-06
-6.770992233580082e-06
-6.770992233580082e-06
-4.060447080676922e-06
-4.060447080676922e-06
-1.4478323280300374e-06
-1.4478323280300374e-06
7.861429169894548e-07
7.861429169894548e-07
2.438342971134386e-06
2.438342971134386e-06
3.3980227493660853e-06
3.3980227493660853e-06
3.6503669302763508e-06
3.6503669302763508e-06
3.2692087809637783e-06
3.2692087809637783e-06
2.400473104858067e-06
2.400473104858067e-06
1.2387529554883463e-06
1.2387529554883463e-06
0.0
0.0
0.0
0.0
0.0
0.0
0.0
0.0
0.0
0.0
0.0
0.0
0.0
0.0
0.0
0.0
0.0
0.0
0.0
0.0
0.0
0.0
0.0
0.0
0.0
0.0
0.0
0.0
0.0
0.0
