0.001574
0.0015249
-0.0013385
-0.0010222
0.00059941
9.9051e-05
0.00043863
0.00096818
-0.0014482
-0.0018275
0.0020813
0.0021662
-0.0020872
-0.0018237
0.001411
0.00085902
-0.0017995
0.0019697
0.00024396
-0.0026756
0.0014918
0.0024281
-0.0028146
-0.0012039
0.0032161
-0.00068076
-0.0024655
0.0026427
0.00072242
-0.004004
0.0014773
0.0042058
-0.0049295
-0.0014958
0.0055013
-0.00034812
-0.0040286
0.0023013
0.0007316
-0.0037419
0.0034884
0.004141
-0.007283
-0.0032422
0.009264
0.0011906
-0.0084913
0.001466
0.0064221
-0.0054018
-0.00058075
0.0061299
-0.005988
-0.0045626
0.010985
0.0007506
-0.012299
0.0045252
0.0088109
-0.0098677
-0.00099435
0.013562
-0.0089302
-0.013982
0.01894
0.0085396
-0.021668
-0.00066787
0.015276
-0.010262
0.0010474
0.022425
-0.024941
-0.033221
0.050787
0.039593
-0.070528
-0.038453
0.075288
0.027158
-0.055921
-0.002434
0.011713
-0.032693
0.05774
0.078842
-0.14612
-0.13378
0.24224
0.19399
-0.3318
-0.25491
0.39987
0.31145
-0.4338
-0.35856
0.42402
0.39052
-0.3723
-0.40828
0.28232
0.4099
-0.16445
-0.39732
0.032452
0.37489
0.099186
-0.34879
-0.2178
0.32606
0.31457
-0.31329
-0.38697
0.31665
0.43219
-0.33401
-0.45546
0.3646
0.46244
-0.40235
-0.45852
0.43833
0.44715
-0.46219
-0.4289
0.46413
0.40157
-0.43695
-0.3627
0.37919
0.30471
-0.28932
-0.22629
0.17591
0.12808
-0.049795
-0.014696
-0.076494
-0.10557
0.19123
0.22198
-0.28578
-0.32325
0.35603
0.39824
-0.40123
-0.44423
0.42969
0.45866
-0.44639
-0.44521
0.45712
0.41171
-0.46471
-0.36876
0.46774
0.32767
-0.46057
-0.29838
0.43477
0.28931
-0.3802
-0.29947
0.29462
0.32795
-0.17639
-0.36845
0.03248
0.41175
0.12286
-0.4472
-0.26989
0.46455
0.3867
-0.45554
-0.45346
0.41376
0.4582
-0.34184
-0.3934
0.24218
0.26799
-0.12223
-0.099971
-0.0077631
-0.084821
0.13622
0.25731
-0.25183
-0.39037
0.34516
0.46371
-0.40848
-0.46723
0.44448
0.40259
-0.45081
-0.28234
0.43519
0.12668
-0.40608
0.040622
0.37274
-0.19684
-0.3434
0.32417
0.32379
-0.41219
-0.31468
0.4587
0.31714
-0.46878
-0.32912
0.45226
0.34323
-0.42128
-0.35371
0.38742
0.35663
-0.35953
-0.3511
0.34255
0.33969
-0.33748
-0.32929
0.34204
0.32183
-0.35207
-0.3274
0.36298
0.34687
-0.37112
-0.37816
0.37458
0.4141
-0.3733
-0.44328
0.36861
0.45215
-0.36251
-0.42956
0.35691
0.36466
-0.3529
-0.25386
0.3509
0.10595
-0.35039
0.063262
0.3503
-0.23153
-0.34961
0.37391
0.34778
-0.46737
-0.34507
0.49392
0.34543
-0.44915
-0.34297
0.34025
0.34229
-0.1818
-0.34453
-0.0017673
0.34992
0.18196
-0.35765
-0.33121
0.36592
0.42768
-0.37249
-0.4604
0.37544
0.42579
-0.37339
-0.33086
0.36641
0.19472
-0.35605
-0.039244
0.34491
-0.11379
-0.33592
0.24675
0.33142
-0.34879
-0.33237
0.4184
0.34083
-0.45693
-0.3474
0.47026
0.35196
-0.46955
-0.35177
0.4627
0.34563
-0.45371
-0.33449
0.44183
0.32163
-0.4222
-0.31203
0.3862
0.30808
-0.33201
-0.32096
0.25162
0.3486
-0.14781
-0.38764
0.026981
0.43035
0.10024
-0.4656
-0.22104
0.48084
0.32313
-0.46478
-0.39876
0.40998
0.43909
-0.31498
-0.44996
0.18539
0.43628
-0.033693
-0.40799
-0.12238
0.37609
0.26274
-0.35011
-0.36835
0.33604
0.42462
-0.33371
-0.42391
0.34234
0.36667
-0.3577
-0.26166
0.37078
0.12373
-0.37527
0.028839
0.36811
-0.17745
-0.35055
0.30607
0.328
-0.40344
-0.31002
0.46419
0.30292
-0.48847
-0.31056
0.48153
0.33616
-0.45218
-0.37554
0.41095
0.4188
-0.36846
-0.45201
0.33388
0.46007
-0.31393
-0.43178
0.31204
0.3557
-0.32804
-0.23753
0.35821
0.085742
-0.39579
0.081791
0.43181
-0.24243
-0.45615
0.37289
0.45893
-0.4537
-0.4321
0.47155
0.37106
-0.42651
-0.27552
0.32877
0.15089
-0.19258
-0.008016
0.038288
-0.1378
0.11338
0.26882
-0.24528
-0.3676
0.34666
0.41992
-0.41579
-0.41737
0.45417
0.35955
-0.46772
-0.25377
0.46771
0.11415
-0.46198
0.040779
0.45403
-0.19135
-0.44201
0.32006
0.41948
-0.41438
-0.3793
0.46545
0.30889
-0.48155
-0.20901
0.4666
0.080982
-0.43129
0.064945
0.38761
-0.21219
-0.34652
0.34068
0.31608
-0.43083
-0.30046
0.46932
0.30278
-0.44678
-0.31328
0.36366
0.33034
-0.23381
-0.34899
0.076457
0.36516
0.085894
-0.37622
-0.23195
0.38126
0.34543
-0.38076
-0.41625
0.37325
0.44615
-0.36809
-0.44388
0.3638
0.41922
-0.3615
-0.38474
0.36157
0.3515
-0.36386
-0.32695
0.3678
0.31422
-0.37257
-0.31385
0.3771
0.31781
-0.3802
-0.32605
0.38073
0.33317
-0.37792
-0.33712
0.37181
0.3378
-0.36343
-0.33655
0.35496
0.33514
-0.34939
-0.33642
0.34713
0.33813
-0.35757
-0.33704
0.37838
0.33355
-0.4074
-0.3269
0.43914
0.31772
-0.46528
-0.30834
0.47567
0.3025
-0.46015
-0.30293
0.41063
0.31496
-0.32387
-0.34164
0.20232
0.37849
-0.055142
-0.41893
-0.10238
0.45351
0.2507
-0.47167
-0.36886
0.46402
0.43811
